4.618792999999999884e+05 6.201592900000000373e+06
4.616067199999999721e+05 6.201521500000000000e+06
4.613673499999999767e+05 6.201508200000000186e+06
4.612352399999999907e+05 6.201506799999999814e+06
4.611035800000000163e+05 6.201493799999999814e+06
4.609314600000000210e+05 6.201468000000000000e+06
4.607531199999999953e+05 6.201409400000000373e+06
4.605941300000000047e+05 6.201316900000000373e+06
4.604805700000000070e+05 6.201170700000000186e+06
4.604293599999999860e+05 6.200961099999999627e+06
4.604467100000000210e+05 6.200714799999999814e+06
4.605224099999999744e+05 6.200532299999999814e+06
4.606181699999999837e+05 6.200386000000000000e+06
4.607300399999999790e+05 6.200210599999999627e+06
4.608715499999999884e+05 6.200028000000000000e+06
4.609737399999999907e+05 6.199818500000000000e+06
4.610117999999999884e+05 6.199650500000000000e+06
4.609649600000000210e+05 6.199514900000000373e+06
4.608865100000000093e+05 6.199427400000000373e+06
4.607988699999999953e+05 6.199380299999999814e+06
4.606660399999999790e+05 6.199349799999999814e+06
4.605372999999999884e+05 6.199376200000000186e+06
4.604305900000000256e+05 6.199403500000000000e+06
4.603164000000000233e+05 6.199423099999999627e+06
4.601877100000000210e+05 6.199433299999999814e+06
4.600251799999999930e+05 6.199482200000000186e+06
4.599251799999999930e+05 6.199501900000000373e+06
4.598459000000000233e+05 6.199540400000000373e+06
4.596491300000000047e+05 6.199615799999999814e+06
4.595068699999999953e+05 6.199713500000000000e+06
4.594184099999999744e+05 6.199784299999999814e+06
4.593450200000000186e+05 6.199831000000000000e+06
4.592825900000000256e+05 6.199861900000000373e+06
4.592200700000000070e+05 6.199888799999999814e+06
4.591232100000000210e+05 6.199908599999999627e+06
4.590414299999999930e+05 6.199904000000000000e+06
4.589724799999999814e+05 6.199876299999999814e+06
4.588953499999999767e+05 6.199833799999999814e+06
4.588459799999999814e+05 6.199785099999999627e+06
4.587885100000000093e+05 6.199699000000000000e+06
4.587739899999999907e+05 6.199615099999999627e+06
4.587593900000000140e+05 6.199555400000000373e+06
4.587444099999999744e+05 6.199495700000000186e+06
4.587459799999999814e+05 6.199441599999999627e+06
4.587259899999999907e+05 6.199384299999999814e+06
4.587153300000000163e+05 6.199320200000000186e+06
4.587155700000000070e+05 6.199249000000000000e+06
4.587408599999999860e+05 6.199171200000000186e+06
4.587889199999999837e+05 6.199132700000000186e+06
4.588376799999999930e+05 6.199114000000000000e+06
4.588764799999999814e+05 6.199089299999999814e+06
4.588761699999999837e+05 6.199050799999999814e+06
4.588393499999999767e+05 6.199020900000000373e+06
4.587983800000000047e+05 6.198988500000000000e+06
4.587169000000000233e+05 6.198945700000000186e+06
4.586871300000000047e+05 6.198940299999999814e+06
4.586507500000000000e+05 6.198932299999999814e+06
4.586296599999999744e+05 6.198916400000000373e+06
4.586145399999999790e+05 6.198877099999999627e+06
4.585954799999999814e+05 6.198837500000000000e+06
4.585718499999999767e+05 6.198813700000000186e+06
4.585414699999999721e+05 6.198790099999999627e+06
4.585183800000000047e+05 6.198753599999999627e+06
4.585130100000000093e+05 6.198709599999999627e+06
4.585425200000000186e+05 6.198661299999999814e+06
4.585664099999999744e+05 6.198628799999999814e+06
4.585703800000000047e+05 6.198581900000000373e+06
4.585667600000000093e+05 6.198540500000000000e+06
4.585494299999999930e+05 6.198476200000000186e+06
4.585298699999999953e+05 6.198415400000000373e+06
4.584853599999999860e+05 6.198351200000000186e+06
4.584317500000000000e+05 6.198285799999999814e+06
4.583767500000000000e+05 6.198241500000000000e+06
4.583206799999999930e+05 6.198197599999999627e+06
4.582748200000000070e+05 6.198158599999999627e+06
4.582057199999999721e+05 6.198167000000000000e+06
4.581411300000000047e+05 6.198190500000000000e+06
4.580345599999999977e+05 6.198205700000000186e+06
4.579297800000000279e+05 6.198211500000000000e+06
4.579455399999999790e+05 6.198166299999999814e+06
4.580395999999999767e+05 6.198152900000000373e+06
4.581354400000000023e+05 6.198142400000000373e+06
4.581946900000000023e+05 6.198120400000000373e+06
4.582534600000000210e+05 6.198101000000000000e+06
4.583006799999999930e+05 6.198100799999999814e+06
4.583317199999999721e+05 6.198149700000000186e+06
4.583699799999999814e+05 6.198174200000000186e+06
4.584223699999999953e+05 6.198210000000000000e+06
4.584569899999999907e+05 6.198243299999999814e+06
4.585036699999999837e+05 6.198288000000000000e+06
4.585413200000000070e+05 6.198344400000000373e+06
4.585821599999999744e+05 6.198401400000000373e+06
4.586045200000000186e+05 6.198497900000000373e+06
4.586195200000000186e+05 6.198574500000000000e+06
4.586114400000000023e+05 6.198634400000000373e+06
4.585862700000000186e+05 6.198681799999999814e+06
4.585680999999999767e+05 6.198717000000000000e+06
4.585701900000000023e+05 6.198745700000000186e+06
4.585885599999999977e+05 6.198766000000000000e+06
4.586150399999999790e+05 6.198783000000000000e+06
4.586502600000000093e+05 6.198803799999999814e+06
4.586975300000000279e+05 6.198828299999999814e+06
4.587136699999999837e+05 6.198863500000000000e+06
4.587326099999999860e+05 6.198891299999999814e+06
4.587585499999999884e+05 6.198912299999999814e+06
4.588001500000000233e+05 6.198933400000000373e+06
4.588342000000000116e+05 6.198955000000000000e+06
4.588971099999999860e+05 6.198993200000000186e+06
4.589208900000000140e+05 6.199015299999999814e+06
4.589282999999999884e+05 6.199052200000000186e+06
4.589314099999999744e+05 6.199082099999999627e+06
4.589218599999999860e+05 6.199112099999999627e+06
4.588930700000000070e+05 6.199140299999999814e+06
4.588503800000000047e+05 6.199152500000000000e+06
4.588181699999999837e+05 6.199171099999999627e+06
4.587780700000000070e+05 6.199205299999999814e+06
4.587654799999999814e+05 6.199239299999999814e+06
4.587639899999999907e+05 6.199272900000000373e+06
4.587687299999999814e+05 6.199311299999999814e+06
4.587771300000000047e+05 6.199349400000000373e+06
4.587938300000000163e+05 6.199369000000000000e+06
4.588228400000000256e+05 6.199339400000000373e+06
4.588558400000000256e+05 6.199317299999999814e+06
4.588873200000000070e+05 6.199293799999999814e+06
4.589168099999999977e+05 6.199272400000000373e+06
4.589537800000000279e+05 6.199258099999999627e+06
4.589985800000000163e+05 6.199244900000000373e+06
4.590928599999999860e+05 6.199210200000000186e+06
4.591486699999999837e+05 6.199191799999999814e+06
4.591976799999999930e+05 6.199167099999999627e+06
4.592510499999999884e+05 6.199142299999999814e+06
4.592991500000000233e+05 6.199117200000000186e+06
4.593674899999999907e+05 6.199089599999999627e+06
4.594333699999999953e+05 6.199061200000000186e+06
4.594797500000000000e+05 6.199035799999999814e+06
4.595338599999999860e+05 6.199009299999999814e+06
4.595851599999999744e+05 6.198980000000000000e+06
4.596309500000000116e+05 6.198944799999999814e+06
4.596854000000000233e+05 6.198917000000000000e+06
4.597277000000000116e+05 6.198879200000000186e+06
4.597752000000000116e+05 6.198838900000000373e+06
4.598024099999999744e+05 6.198810700000000186e+06
4.598311699999999837e+05 6.198776500000000000e+06
4.598593499999999767e+05 6.198726500000000000e+06
4.598730000000000000e+05 6.198694400000000373e+06
4.598957399999999907e+05 6.198654599999999627e+06
4.599305700000000070e+05 6.198553200000000186e+06
4.599469099999999744e+05 6.198486900000000373e+06
4.599772700000000186e+05 6.198430200000000186e+06
4.600223400000000256e+05 6.198389700000000186e+06
4.600691699999999837e+05 6.198348900000000373e+06
4.601200000000000000e+05 6.198315299999999814e+06
4.601662500000000000e+05 6.198291500000000000e+06
4.602106199999999953e+05 6.198269099999999627e+06
4.603392299999999814e+05 6.198213799999999814e+06
4.604452800000000279e+05 6.198209900000000373e+06
4.605370200000000186e+05 6.198211400000000373e+06
4.606310700000000070e+05 6.198220299999999814e+06
4.607097100000000210e+05 6.198242000000000000e+06
4.608040399999999790e+05 6.198272200000000186e+06
4.608789600000000210e+05 6.198282200000000186e+06
4.609477399999999907e+05 6.198289799999999814e+06
4.610097000000000116e+05 6.198282200000000186e+06
4.610676099999999860e+05 6.198259000000000000e+06
4.611012299999999814e+05 6.198223799999999814e+06
4.611276599999999744e+05 6.198183799999999814e+06
4.611387800000000279e+05 6.198137200000000186e+06
4.611367199999999721e+05 6.198082200000000186e+06
4.611142899999999790e+05 6.198039799999999814e+06
4.610919400000000023e+05 6.197999299999999814e+06
4.610619199999999837e+05 6.197961099999999627e+06
4.610349099999999744e+05 6.197947799999999814e+06
4.609804899999999907e+05 6.197932599999999627e+06
4.609272399999999907e+05 6.197933799999999814e+06
4.608394000000000233e+05 6.197941900000000373e+06
4.607239799999999814e+05 6.197946700000000186e+06
4.606615599999999977e+05 6.197955700000000186e+06
4.606119899999999907e+05 6.197944700000000186e+06
4.605625000000000000e+05 6.197931200000000186e+06
4.604643300000000163e+05 6.197915200000000186e+06
4.603862399999999907e+05 6.197904200000000186e+06
4.602986500000000233e+05 6.197895799999999814e+06
4.602016699999999837e+05 6.197879500000000000e+06
4.601307700000000186e+05 6.197848900000000373e+06
4.600373200000000070e+05 6.197788099999999627e+06
4.599892999999999884e+05 6.197730099999999627e+06
4.599535300000000279e+05 6.197666200000000186e+06
4.599384899999999907e+05 6.197585500000000000e+06
4.599460000000000000e+05 6.197508299999999814e+06
4.599549699999999721e+05 6.197433200000000186e+06
4.599694099999999744e+05 6.197356200000000186e+06
4.600186500000000233e+05 6.197279799999999814e+06
4.600906699999999837e+05 6.197218700000000186e+06
4.601725000000000000e+05 6.197184200000000186e+06
4.602458200000000070e+05 6.197167500000000000e+06
4.603171300000000047e+05 6.197158900000000373e+06
4.604038099999999977e+05 6.197164099999999627e+06
4.604665900000000256e+05 6.197181400000000373e+06
4.605228599999999860e+05 6.197208599999999627e+06
4.605510100000000093e+05 6.197217000000000000e+06
4.605527999999999884e+05 6.197218700000000186e+06
4.605816799999999930e+05 6.197243099999999627e+06
4.606132700000000186e+05 6.197287099999999627e+06
4.606701500000000233e+05 6.197336299999999814e+06
4.607656099999999860e+05 6.197391099999999627e+06
4.608346699999999837e+05 6.197405299999999814e+06
4.608773200000000070e+05 6.197396299999999814e+06
4.609147000000000116e+05 6.197389299999999814e+06
4.609520999999999767e+05 6.197365700000000186e+06
4.609876699999999837e+05 6.197327799999999814e+06
4.610291199999999953e+05 6.197267500000000000e+06
4.610941099999999860e+05 6.197131299999999814e+06
4.611371500000000233e+05 6.197017099999999627e+06
4.611674099999999744e+05 6.196897099999999627e+06
4.611830399999999790e+05 6.196779299999999814e+06
4.611822500000000000e+05 6.196666500000000000e+06
4.611905399999999790e+05 6.196575599999999627e+06
4.612071799999999930e+05 6.196522200000000186e+06
4.612348099999999977e+05 6.196473299999999814e+06
4.612614600000000210e+05 6.196429099999999627e+06
4.613082600000000093e+05 6.196392500000000000e+06
4.613459099999999744e+05 6.196362700000000186e+06
4.614088499999999767e+05 6.196336200000000186e+06
4.614710100000000093e+05 6.196331000000000000e+06
4.615355999999999767e+05 6.196329400000000373e+06
4.616314400000000023e+05 6.196362500000000000e+06
4.616753200000000070e+05 6.196390299999999814e+06
4.617072100000000210e+05 6.196438099999999627e+06
4.617288499999999767e+05 6.196484900000000373e+06
4.617732999999999884e+05 6.196597000000000000e+06
4.617793099999999977e+05 6.196636599999999627e+06
4.617854400000000023e+05 6.196680400000000373e+06
4.618255900000000256e+05 6.196831000000000000e+06
4.618504600000000210e+05 6.196917500000000000e+06
4.618834299999999930e+05 6.197060400000000373e+06
4.619223300000000163e+05 6.197164299999999814e+06
4.619831300000000047e+05 6.197295599999999627e+06
4.620525599999999977e+05 6.197382700000000186e+06
4.621131500000000233e+05 6.197435099999999627e+06
4.621748200000000070e+05 6.197487000000000000e+06
4.622509000000000233e+05 6.197522599999999627e+06
4.623325200000000186e+05 6.197540900000000373e+06
4.624037899999999790e+05 6.197538299999999814e+06
4.625340499999999884e+05 6.197503099999999627e+06
4.626210700000000070e+05 6.197460200000000186e+06
4.627405900000000256e+05 6.197384799999999814e+06
4.628184500000000116e+05 6.197300500000000000e+06
4.628760000000000000e+05 6.197195400000000373e+06
4.629045999999999767e+05 6.197101700000000186e+06
4.629289199999999837e+05 6.196961200000000186e+06
4.629387500000000000e+05 6.196839500000000000e+06
4.629432399999999907e+05 6.196716299999999814e+06
4.629227600000000093e+05 6.196586000000000000e+06
4.629052199999999721e+05 6.196517299999999814e+06
4.628416900000000023e+05 6.196426000000000000e+06
4.627495000000000000e+05 6.196358299999999814e+06
4.626834000000000233e+05 6.196299799999999814e+06
4.625780499999999884e+05 6.196229200000000186e+06
4.625109099999999744e+05 6.196163700000000186e+06
4.624602500000000000e+05 6.196082799999999814e+06
4.624285300000000279e+05 6.196011599999999627e+06
4.624090900000000256e+05 6.195921299999999814e+06
4.623976400000000140e+05 6.195810200000000186e+06
4.623864699999999721e+05 6.195679799999999814e+06
4.624011699999999837e+05 6.195586799999999814e+06
4.624447100000000210e+05 6.195450200000000186e+06
4.624952199999999721e+05 6.195355599999999627e+06
4.625569899999999907e+05 6.195256900000000373e+06
4.626585800000000163e+05 6.195175099999999627e+06
4.627250599999999977e+05 6.195130099999999627e+06
4.628047199999999721e+05 6.195076900000000373e+06
4.628604799999999814e+05 6.195041400000000373e+06
4.628738900000000140e+05 6.194971799999999814e+06
4.628558400000000256e+05 6.194924500000000000e+06
4.628300000000000000e+05 6.194874799999999814e+06
4.627925200000000186e+05 6.194829599999999627e+06
4.627500499999999884e+05 6.194765000000000000e+06
4.626975100000000093e+05 6.194668099999999627e+06
4.626201099999999860e+05 6.194559500000000000e+06
4.625329699999999721e+05 6.194473599999999627e+06
4.624705700000000070e+05 6.194443700000000186e+06
4.624063400000000256e+05 6.194418500000000000e+06
4.623337999999999884e+05 6.194412400000000373e+06
4.622441400000000140e+05 6.194406900000000373e+06
4.621489899999999907e+05 6.194404700000000186e+06
4.620441300000000047e+05 6.194389299999999814e+06
4.618746199999999953e+05 6.194362099999999627e+06
4.617235499999999884e+05 6.194356099999999627e+06
4.615885100000000093e+05 6.194344500000000000e+06
4.614720599999999977e+05 6.194333099999999627e+06
4.615075000000000000e+05 6.194142400000000373e+06
4.616157800000000279e+05 6.194148299999999814e+06
4.617079699999999721e+05 6.194164900000000373e+06
4.618254899999999907e+05 6.194206200000000186e+06
4.619769299999999930e+05 6.194255500000000000e+06
4.621230000000000000e+05 6.194304799999999814e+06
4.622158400000000256e+05 6.194320000000000000e+06
4.623302800000000279e+05 6.194327799999999814e+06
4.624079699999999721e+05 6.194339299999999814e+06
4.624767100000000210e+05 6.194350799999999814e+06
4.625452700000000186e+05 6.194375500000000000e+06
4.626250599999999977e+05 6.194417400000000373e+06
4.627300100000000093e+05 6.194503099999999627e+06
4.627874799999999814e+05 6.194568299999999814e+06
4.628455200000000186e+05 6.194673000000000000e+06
4.628804000000000233e+05 6.194727200000000186e+06
4.629351199999999953e+05 6.194873200000000186e+06
4.629495300000000279e+05 6.194980099999999627e+06
4.629498900000000140e+05 6.195022000000000000e+06
4.629711699999999837e+05 6.195040900000000373e+06
4.629812199999999721e+05 6.195088500000000000e+06
4.629600999999999767e+05 6.195111200000000186e+06
4.629505800000000163e+05 6.195141500000000000e+06
4.629430000000000000e+05 6.195168000000000000e+06
4.629096900000000023e+05 6.195166400000000373e+06
4.628861300000000047e+05 6.195162599999999627e+06
4.628330999999999767e+05 6.195200599999999627e+06
4.627384699999999721e+05 6.195262599999999627e+06
4.626391699999999837e+05 6.195351700000000186e+06
4.625932600000000093e+05 6.195422700000000186e+06
4.625642000000000116e+05 6.195495900000000373e+06
4.625267299999999814e+05 6.195620700000000186e+06
4.625087100000000210e+05 6.195702700000000186e+06
4.625019000000000233e+05 6.195810200000000186e+06
4.625280300000000279e+05 6.195918400000000373e+06
4.625505800000000163e+05 6.195992599999999627e+06
4.625868599999999860e+05 6.196073000000000000e+06
4.626332299999999814e+05 6.196137900000000373e+06
4.626896099999999860e+05 6.196185400000000373e+06
4.627755000000000000e+05 6.196256900000000373e+06
4.628712100000000210e+05 6.196337099999999627e+06
4.629267100000000210e+05 6.196393900000000373e+06
4.629595399999999790e+05 6.196424400000000373e+06
4.629942500000000000e+05 6.196447299999999814e+06
4.630256799999999930e+05 6.196512299999999814e+06
4.630418800000000047e+05 6.196610299999999814e+06
4.630492000000000116e+05 6.196784599999999627e+06
4.630407999999999884e+05 6.196896700000000186e+06
4.630115200000000186e+05 6.197042599999999627e+06
4.629984000000000233e+05 6.197121200000000186e+06
4.629525800000000163e+05 6.197255900000000373e+06
4.629145900000000256e+05 6.197359599999999627e+06
4.628332899999999790e+05 6.197440500000000000e+06
4.627553300000000163e+05 6.197496099999999627e+06
4.626906599999999744e+05 6.197548400000000373e+06
4.626298200000000070e+05 6.197572000000000000e+06
4.625846199999999953e+05 6.197595500000000000e+06
4.625452700000000186e+05 6.197613200000000186e+06
4.624902000000000116e+05 6.197625099999999627e+06
4.624292899999999790e+05 6.197629000000000000e+06
4.623466400000000140e+05 6.197640900000000373e+06
4.622526300000000047e+05 6.197620799999999814e+06
4.621937899999999790e+05 6.197616700000000186e+06
4.621021900000000023e+05 6.197588599999999627e+06
4.620463400000000256e+05 6.197558299999999814e+06
4.619818499999999767e+05 6.197500099999999627e+06
4.619023400000000256e+05 6.197407400000000373e+06
4.618502399999999907e+05 6.197323099999999627e+06
4.618089299999999930e+05 6.197219700000000186e+06
4.617931799999999930e+05 6.197122799999999814e+06
4.617647000000000116e+05 6.197037799999999814e+06
4.617486799999999930e+05 6.196948099999999627e+06
4.617233099999999977e+05 6.196860700000000186e+06
4.617117399999999907e+05 6.196751599999999627e+06
4.616951699999999837e+05 6.196656400000000373e+06
4.616796900000000023e+05 6.196570500000000000e+06
4.616511900000000023e+05 6.196499900000000373e+06
4.616115000000000000e+05 6.196450000000000000e+06
4.615615700000000070e+05 6.196420299999999814e+06
4.614980300000000279e+05 6.196412900000000373e+06
4.614397399999999907e+05 6.196416500000000000e+06
4.613829199999999837e+05 6.196442400000000373e+06
4.613385300000000279e+05 6.196490500000000000e+06
4.613124299999999930e+05 6.196549799999999814e+06
4.612818800000000047e+05 6.196620400000000373e+06
4.612764199999999837e+05 6.196722799999999814e+06
4.612798099999999977e+05 6.196857900000000373e+06
4.612704299999999930e+05 6.196956500000000000e+06
4.612261799999999930e+05 6.197080500000000000e+06
4.611868200000000070e+05 6.197159400000000373e+06
4.611394000000000233e+05 6.197240400000000373e+06
4.610974899999999907e+05 6.197293000000000000e+06
4.610688499999999767e+05 6.197351400000000373e+06
4.609957899999999790e+05 6.197436099999999627e+06
4.609355900000000256e+05 6.197471500000000000e+06
4.608576300000000047e+05 6.197485200000000186e+06
4.607699000000000233e+05 6.197482799999999814e+06
4.606843099999999977e+05 6.197460599999999627e+06
4.606031400000000140e+05 6.197393599999999627e+06
4.605337600000000093e+05 6.197329200000000186e+06
4.604491699999999837e+05 6.197280200000000186e+06
4.603701599999999744e+05 6.197256700000000186e+06
4.602715599999999977e+05 6.197248799999999814e+06
4.601584600000000210e+05 6.197283700000000186e+06
4.600945700000000070e+05 6.197334700000000186e+06
4.600612199999999721e+05 6.197384900000000373e+06
4.600286199999999953e+05 6.197476000000000000e+06
4.600281300000000047e+05 6.197563200000000186e+06
4.600855399999999790e+05 6.197669500000000000e+06
4.601563400000000256e+05 6.197732599999999627e+06
4.602197399999999907e+05 6.197767000000000000e+06
4.602967800000000279e+05 6.197782299999999814e+06
4.603868800000000047e+05 6.197796000000000000e+06
4.604885000000000000e+05 6.197806000000000000e+06
4.605573099999999977e+05 6.197814500000000000e+06
4.606265800000000163e+05 6.197830099999999627e+06
4.606708499999999767e+05 6.197849599999999627e+06
4.607441900000000023e+05 6.197863200000000186e+06
4.607480499999999884e+05 6.197863200000000186e+06
4.608021300000000047e+05 6.197863299999999814e+06
4.608910100000000093e+05 6.197857900000000373e+06
4.609471099999999860e+05 6.197858200000000186e+06
4.610496199999999953e+05 6.197875799999999814e+06
4.611039899999999907e+05 6.197903099999999627e+06
4.611802899999999790e+05 6.197992799999999814e+06
4.612068300000000163e+05 6.198083400000000373e+06
4.612065499999999884e+05 6.198183000000000000e+06
4.611685300000000279e+05 6.198251299999999814e+06
4.611337399999999907e+05 6.198295500000000000e+06
4.610535300000000279e+05 6.198357400000000373e+06
4.609609500000000116e+05 6.198406400000000373e+06
4.609057500000000000e+05 6.198412099999999627e+06
4.608683099999999977e+05 6.198417900000000373e+06
4.608210200000000186e+05 6.198411299999999814e+06
4.607797100000000210e+05 6.198397000000000000e+06
4.607030700000000070e+05 6.198365299999999814e+06
4.605913099999999977e+05 6.198328700000000186e+06
4.605169699999999721e+05 6.198308000000000000e+06
4.604015999999999767e+05 6.198311500000000000e+06
4.603390900000000256e+05 6.198311299999999814e+06
4.602842899999999790e+05 6.198335500000000000e+06
4.602142100000000210e+05 6.198369099999999627e+06
4.601445000000000000e+05 6.198417500000000000e+06
4.600968599999999860e+05 6.198475900000000373e+06
4.600474600000000210e+05 6.198536200000000186e+06
4.599996300000000047e+05 6.198653700000000186e+06
4.599167199999999721e+05 6.198830099999999627e+06
4.598407700000000186e+05 6.198948500000000000e+06
4.597509199999999837e+05 6.199024799999999814e+06
4.596727800000000279e+05 6.199081099999999627e+06
4.595905599999999977e+05 6.199131799999999814e+06
4.594818599999999860e+05 6.199183900000000373e+06
4.592899299999999930e+05 6.199253200000000186e+06
4.591834799999999814e+05 6.199287900000000373e+06
4.590753200000000070e+05 6.199308700000000186e+06
4.590028200000000070e+05 6.199332599999999627e+06
4.589538900000000140e+05 6.199361700000000186e+06
4.589220399999999790e+05 6.199395099999999627e+06
4.588914400000000023e+05 6.199452200000000186e+06
4.588787800000000279e+05 6.199493599999999627e+06
4.588713900000000140e+05 6.199570700000000186e+06
4.588773599999999860e+05 6.199654400000000373e+06
4.588963499999999767e+05 6.199692099999999627e+06
4.589234500000000116e+05 6.199716099999999627e+06
4.589622600000000093e+05 6.199744200000000186e+06
4.589978599999999860e+05 6.199747700000000186e+06
4.590648400000000256e+05 6.199749400000000373e+06
4.591477700000000186e+05 6.199734700000000186e+06
4.592226699999999837e+05 6.199702500000000000e+06
4.593149500000000116e+05 6.199643299999999814e+06
4.594049899999999907e+05 6.199579900000000373e+06
4.595005999999999767e+05 6.199510000000000000e+06
4.596205900000000256e+05 6.199438500000000000e+06
4.597018900000000140e+05 6.199405599999999627e+06
4.598048099999999977e+05 6.199375200000000186e+06
4.598953200000000070e+05 6.199349799999999814e+06
4.599975900000000256e+05 6.199322900000000373e+06
4.600972199999999721e+05 6.199314000000000000e+06
4.601723499999999767e+05 6.199306299999999814e+06
4.603250999999999767e+05 6.199306500000000000e+06
4.604068900000000140e+05 6.199300400000000373e+06
4.604630999999999767e+05 6.199298599999999627e+06
4.605265200000000186e+05 6.199278799999999814e+06
4.605952000000000116e+05 6.199257200000000186e+06
4.606012199999999721e+05 6.199259200000000186e+06
4.607057600000000093e+05 6.199249500000000000e+06
4.608497700000000186e+05 6.199265299999999814e+06
4.609729699999999721e+05 6.199322099999999627e+06
4.610734799999999814e+05 6.199401599999999627e+06
4.611185499999999884e+05 6.199496000000000000e+06
4.611561900000000023e+05 6.199606599999999627e+06
4.611664899999999907e+05 6.199670599999999627e+06
4.611674099999999744e+05 6.199757599999999627e+06
4.611501900000000023e+05 6.199865500000000000e+06
4.611232399999999907e+05 6.199971400000000373e+06
4.610587100000000210e+05 6.200045099999999627e+06
4.609708900000000140e+05 6.200160599999999627e+06
4.608727600000000093e+05 6.200282799999999814e+06
4.607384099999999744e+05 6.200472099999999627e+06
4.606517299999999814e+05 6.200610599999999627e+06
4.605915100000000093e+05 6.200756400000000373e+06
4.605824699999999721e+05 6.200847900000000373e+06
4.605948699999999953e+05 6.200950000000000000e+06
4.606290499999999884e+05 6.201043299999999814e+06
4.607223300000000163e+05 6.201180299999999814e+06
4.608030700000000070e+05 6.201251500000000000e+06
4.608762299999999814e+05 6.201298599999999627e+06
4.609575200000000186e+05 6.201328500000000000e+06
4.610351500000000233e+05 6.201338599999999627e+06
4.611088800000000047e+05 6.201329000000000000e+06
4.612366300000000047e+05 6.201311500000000000e+06
4.614075000000000000e+05 6.201323700000000186e+06
4.615589799999999814e+05 6.201343400000000373e+06
4.617209600000000210e+05 6.201375099999999627e+06
4.619274199999999837e+05 6.201467500000000000e+06
