-3.0000e+02 0.0000e+00 -8.0209e+01 -2.6000e+02 0.0000e+00 -8.0786e+01 -2.2000e+02 0.0000e+00 -8.1256e+01 -1.8000e+02 0.0000e+00 -8.1620e+01 -1.5536e-01
-3.0000e+02 0.0000e+00 -8.0209e+01 -2.6000e+02 0.0000e+00 -8.0786e+01 -1.8000e+02 0.0000e+00 -8.1620e+01 -1.4000e+02 0.0000e+00 -8.1869e+01 -3.5062e-02
-3.0000e+02 0.0000e+00 -8.0209e+01 -2.6000e+02 0.0000e+00 -8.0786e+01 -1.4000e+02 0.0000e+00 -8.1869e+01 -1.0000e+02 0.0000e+00 -8.2085e+01 -9.4609e-03
-3.0000e+02 0.0000e+00 -8.0209e+01 -2.6000e+02 0.0000e+00 -8.0786e+01 -1.0000e+02 0.0000e+00 -8.2085e+01 -6.0000e+01 0.0000e+00 -8.2266e+01 -4.1021e-03
-3.0000e+02 0.0000e+00 -8.0209e+01 -2.6000e+02 0.0000e+00 -8.0786e+01 -6.0000e+01 0.0000e+00 -8.2266e+01 -2.0000e+01 0.0000e+00 -8.2405e+01 -2.8906e-03
-3.0000e+02 0.0000e+00 -8.0209e+01 -2.6000e+02 0.0000e+00 -8.0786e+01 -2.0000e+01 0.0000e+00 -8.2405e+01 2.0000e+01 0.0000e+00 -8.2405e+01 -2.1829e-03
-3.0000e+02 0.0000e+00 -8.0209e+01 -2.6000e+02 0.0000e+00 -8.0786e+01 2.0000e+01 0.0000e+00 -8.2405e+01 6.0000e+01 0.0000e+00 -8.2266e+01 -1.5546e-03
-3.0000e+02 0.0000e+00 -8.0209e+01 -2.6000e+02 0.0000e+00 -8.0786e+01 6.0000e+01 0.0000e+00 -8.2266e+01 1.0000e+02 0.0000e+00 -8.2085e+01 -1.2688e-03
-3.0000e+02 0.0000e+00 -8.0209e+01 -2.6000e+02 0.0000e+00 -8.0786e+01 1.0000e+02 0.0000e+00 -8.2085e+01 1.4000e+02 0.0000e+00 -8.1869e+01 -1.1045e-03
-3.0000e+02 0.0000e+00 -8.0209e+01 -2.6000e+02 0.0000e+00 -8.0786e+01 1.4000e+02 0.0000e+00 -8.1869e+01 1.8000e+02 0.0000e+00 -8.1620e+01 -8.0200e-04
-3.0000e+02 0.0000e+00 -8.0209e+01 -2.6000e+02 0.0000e+00 -8.0786e+01 1.8000e+02 0.0000e+00 -8.1620e+01 2.2000e+02 0.0000e+00 -8.1256e+01 -5.2442e-04
-3.0000e+02 0.0000e+00 -8.0209e+01 -2.6000e+02 0.0000e+00 -8.0786e+01 2.2000e+02 0.0000e+00 -8.1256e+01 2.6000e+02 0.0000e+00 -8.0786e+01 -3.7585e-04
-3.0000e+02 0.0000e+00 -8.0209e+01 -2.6000e+02 0.0000e+00 -8.0786e+01 2.6000e+02 0.0000e+00 -8.0786e+01 3.0000e+02 0.0000e+00 -8.0209e+01 -3.0148e-04
-2.6000e+02 0.0000e+00 -8.0786e+01 -2.2000e+02 0.0000e+00 -8.1256e+01 -3.0000e+02 0.0000e+00 -8.0209e+01 -1.8000e+02 0.0000e+00 -8.1620e+01 4.3884e-01
-2.6000e+02 0.0000e+00 -8.0786e+01 -2.2000e+02 0.0000e+00 -8.1256e+01 -1.8000e+02 0.0000e+00 -8.1620e+01 -1.4000e+02 0.0000e+00 -8.1869e+01 -1.5164e-01
-2.6000e+02 0.0000e+00 -8.0786e+01 -2.2000e+02 0.0000e+00 -8.1256e+01 -1.4000e+02 0.0000e+00 -8.1869e+01 -1.0000e+02 0.0000e+00 -8.2085e+01 -2.7988e-02
-2.6000e+02 0.0000e+00 -8.0786e+01 -2.2000e+02 0.0000e+00 -8.1256e+01 -1.0000e+02 0.0000e+00 -8.2085e+01 -6.0000e+01 0.0000e+00 -8.2266e+01 -8.4484e-03
-2.6000e+02 0.0000e+00 -8.0786e+01 -2.2000e+02 0.0000e+00 -8.1256e+01 -6.0000e+01 0.0000e+00 -8.2266e+01 -2.0000e+01 0.0000e+00 -8.2405e+01 -4.6927e-03
-2.6000e+02 0.0000e+00 -8.0786e+01 -2.2000e+02 0.0000e+00 -8.1256e+01 -2.0000e+01 0.0000e+00 -8.2405e+01 2.0000e+01 0.0000e+00 -8.2405e+01 -3.0439e-03
-2.6000e+02 0.0000e+00 -8.0786e+01 -2.2000e+02 0.0000e+00 -8.1256e+01 2.0000e+01 0.0000e+00 -8.2405e+01 6.0000e+01 0.0000e+00 -8.2266e+01 -2.1908e-03
-2.6000e+02 0.0000e+00 -8.0786e+01 -2.2000e+02 0.0000e+00 -8.1256e+01 6.0000e+01 0.0000e+00 -8.2266e+01 1.0000e+02 0.0000e+00 -8.2085e+01 -1.7013e-03
-2.6000e+02 0.0000e+00 -8.0786e+01 -2.2000e+02 0.0000e+00 -8.1256e+01 1.0000e+02 0.0000e+00 -8.2085e+01 1.4000e+02 0.0000e+00 -8.1869e+01 -1.4253e-03
-2.6000e+02 0.0000e+00 -8.0786e+01 -2.2000e+02 0.0000e+00 -8.1256e+01 1.4000e+02 0.0000e+00 -8.1869e+01 1.8000e+02 0.0000e+00 -8.1620e+01 -1.0159e-03
-2.6000e+02 0.0000e+00 -8.0786e+01 -2.2000e+02 0.0000e+00 -8.1256e+01 1.8000e+02 0.0000e+00 -8.1620e+01 2.2000e+02 0.0000e+00 -8.1256e+01 -6.6994e-04
-2.6000e+02 0.0000e+00 -8.0786e+01 -2.2000e+02 0.0000e+00 -8.1256e+01 2.2000e+02 0.0000e+00 -8.1256e+01 2.6000e+02 0.0000e+00 -8.0786e+01 -4.7829e-04
-2.6000e+02 0.0000e+00 -8.0786e+01 -2.2000e+02 0.0000e+00 -8.1256e+01 2.6000e+02 0.0000e+00 -8.0786e+01 3.0000e+02 0.0000e+00 -8.0209e+01 -3.6310e-04
-2.2000e+02 0.0000e+00 -8.1256e+01 -1.8000e+02 0.0000e+00 -8.1620e+01 -3.0000e+02 0.0000e+00 -8.0209e+01 -2.6000e+02 0.0000e+00 -8.0786e+01 -1.5698e-01
-2.2000e+02 0.0000e+00 -8.1256e+01 -1.8000e+02 0.0000e+00 -8.1620e+01 -2.6000e+02 0.0000e+00 -8.0786e+01 -1.4000e+02 0.0000e+00 -8.1869e+01 4.2778e-01
-2.2000e+02 0.0000e+00 -8.1256e+01 -1.8000e+02 0.0000e+00 -8.1620e+01 -1.4000e+02 0.0000e+00 -8.1869e+01 -1.0000e+02 0.0000e+00 -8.2085e+01 -1.3364e-01
-2.2000e+02 0.0000e+00 -8.1256e+01 -1.8000e+02 0.0000e+00 -8.1620e+01 -1.0000e+02 0.0000e+00 -8.2085e+01 -6.0000e+01 0.0000e+00 -8.2266e+01 -2.3568e-02
-2.2000e+02 0.0000e+00 -8.1256e+01 -1.8000e+02 0.0000e+00 -8.1620e+01 -6.0000e+01 0.0000e+00 -8.2266e+01 -2.0000e+01 0.0000e+00 -8.2405e+01 -8.6822e-03
-2.2000e+02 0.0000e+00 -8.1256e+01 -1.8000e+02 0.0000e+00 -8.1620e+01 -2.0000e+01 0.0000e+00 -8.2405e+01 2.0000e+01 0.0000e+00 -8.2405e+01 -4.6254e-03
-2.2000e+02 0.0000e+00 -8.1256e+01 -1.8000e+02 0.0000e+00 -8.1620e+01 2.0000e+01 0.0000e+00 -8.2405e+01 6.0000e+01 0.0000e+00 -8.2266e+01 -2.8845e-03
-2.2000e+02 0.0000e+00 -8.1256e+01 -1.8000e+02 0.0000e+00 -8.1620e+01 6.0000e+01 0.0000e+00 -8.2266e+01 1.0000e+02 0.0000e+00 -8.2085e+01 -2.1124e-03
-2.2000e+02 0.0000e+00 -8.1256e+01 -1.8000e+02 0.0000e+00 -8.1620e+01 1.0000e+02 0.0000e+00 -8.2085e+01 1.4000e+02 0.0000e+00 -8.1869e+01 -1.7142e-03
-2.2000e+02 0.0000e+00 -8.1256e+01 -1.8000e+02 0.0000e+00 -8.1620e+01 1.4000e+02 0.0000e+00 -8.1869e+01 1.8000e+02 0.0000e+00 -8.1620e+01 -1.1924e-03
-2.2000e+02 0.0000e+00 -8.1256e+01 -1.8000e+02 0.0000e+00 -8.1620e+01 1.8000e+02 0.0000e+00 -8.1620e+01 2.2000e+02 0.0000e+00 -8.1256e+01 -7.7740e-04
-2.2000e+02 0.0000e+00 -8.1256e+01 -1.8000e+02 0.0000e+00 -8.1620e+01 2.2000e+02 0.0000e+00 -8.1256e+01 2.6000e+02 0.0000e+00 -8.0786e+01 -5.3110e-04
-2.2000e+02 0.0000e+00 -8.1256e+01 -1.8000e+02 0.0000e+00 -8.1620e+01 2.6000e+02 0.0000e+00 -8.0786e+01 3.0000e+02 0.0000e+00 -8.0209e+01 -4.0867e-04
-1.8000e+02 0.0000e+00 -8.1620e+01 -1.4000e+02 0.0000e+00 -8.1869e+01 -3.0000e+02 0.0000e+00 -8.0209e+01 -2.6000e+02 0.0000e+00 -8.0786e+01 -3.5203e-02
-1.8000e+02 0.0000e+00 -8.1620e+01 -1.4000e+02 0.0000e+00 -8.1869e+01 -2.6000e+02 0.0000e+00 -8.0786e+01 -2.2000e+02 0.0000e+00 -8.1256e+01 -1.5412e-01
-1.8000e+02 0.0000e+00 -8.1620e+01 -1.4000e+02 0.0000e+00 -8.1869e+01 -2.2000e+02 0.0000e+00 -8.1256e+01 -1.0000e+02 0.0000e+00 -8.2085e+01 3.9943e-01
-1.8000e+02 0.0000e+00 -8.1620e+01 -1.4000e+02 0.0000e+00 -8.1869e+01 -1.0000e+02 0.0000e+00 -8.2085e+01 -6.0000e+01 0.0000e+00 -8.2266e+01 -1.2956e-01
-1.8000e+02 0.0000e+00 -8.1620e+01 -1.4000e+02 0.0000e+00 -8.1869e+01 -6.0000e+01 0.0000e+00 -8.2266e+01 -2.0000e+01 0.0000e+00 -8.2405e+01 -2.3269e-02
-1.8000e+02 0.0000e+00 -8.1620e+01 -1.4000e+02 0.0000e+00 -8.1869e+01 -2.0000e+01 0.0000e+00 -8.2405e+01 2.0000e+01 0.0000e+00 -8.2405e+01 -8.0100e-03
-1.8000e+02 0.0000e+00 -8.1620e+01 -1.4000e+02 0.0000e+00 -8.1869e+01 2.0000e+01 0.0000e+00 -8.2405e+01 6.0000e+01 0.0000e+00 -8.2266e+01 -3.8294e-03
-1.8000e+02 0.0000e+00 -8.1620e+01 -1.4000e+02 0.0000e+00 -8.1869e+01 6.0000e+01 0.0000e+00 -8.2266e+01 1.0000e+02 0.0000e+00 -8.2085e+01 -2.5080e-03
-1.8000e+02 0.0000e+00 -8.1620e+01 -1.4000e+02 0.0000e+00 -8.1869e+01 1.0000e+02 0.0000e+00 -8.2085e+01 1.4000e+02 0.0000e+00 -8.1869e+01 -1.8891e-03
-1.8000e+02 0.0000e+00 -8.1620e+01 -1.4000e+02 0.0000e+00 -8.1869e+01 1.4000e+02 0.0000e+00 -8.1869e+01 1.8000e+02 0.0000e+00 -8.1620e+01 -1.2179e-03
-1.8000e+02 0.0000e+00 -8.1620e+01 -1.4000e+02 0.0000e+00 -8.1869e+01 1.8000e+02 0.0000e+00 -8.1620e+01 2.2000e+02 0.0000e+00 -8.1256e+01 -7.7679e-04
-1.8000e+02 0.0000e+00 -8.1620e+01 -1.4000e+02 0.0000e+00 -8.1869e+01 2.2000e+02 0.0000e+00 -8.1256e+01 2.6000e+02 0.0000e+00 -8.0786e+01 -5.1422e-04
-1.8000e+02 0.0000e+00 -8.1620e+01 -1.4000e+02 0.0000e+00 -8.1869e+01 2.6000e+02 0.0000e+00 -8.0786e+01 3.0000e+02 0.0000e+00 -8.0209e+01 -3.7891e-04
-1.4000e+02 0.0000e+00 -8.1869e+01 -1.0000e+02 0.0000e+00 -8.2085e+01 -3.0000e+02 0.0000e+00 -8.0209e+01 -2.6000e+02 0.0000e+00 -8.0786e+01 -9.3555e-03
-1.4000e+02 0.0000e+00 -8.1869e+01 -1.0000e+02 0.0000e+00 -8.2085e+01 -2.6000e+02 0.0000e+00 -8.0786e+01 -2.2000e+02 0.0000e+00 -8.1256e+01 -2.7049e-02
-1.4000e+02 0.0000e+00 -8.1869e+01 -1.0000e+02 0.0000e+00 -8.2085e+01 -2.2000e+02 0.0000e+00 -8.1256e+01 -1.8000e+02 0.0000e+00 -8.1620e+01 -1.3789e-01
-1.4000e+02 0.0000e+00 -8.1869e+01 -1.0000e+02 0.0000e+00 -8.2085e+01 -1.8000e+02 0.0000e+00 -8.1620e+01 -6.0000e+01 0.0000e+00 -8.2266e+01 3.6613e-01
-1.4000e+02 0.0000e+00 -8.1869e+01 -1.0000e+02 0.0000e+00 -8.2085e+01 -6.0000e+01 0.0000e+00 -8.2266e+01 -2.0000e+01 0.0000e+00 -8.2405e+01 -1.3195e-01
-1.4000e+02 0.0000e+00 -8.1869e+01 -1.0000e+02 0.0000e+00 -8.2085e+01 -2.0000e+01 0.0000e+00 -8.2405e+01 2.0000e+01 0.0000e+00 -8.2405e+01 -2.7234e-02
-1.4000e+02 0.0000e+00 -8.1869e+01 -1.0000e+02 0.0000e+00 -8.2085e+01 2.0000e+01 0.0000e+00 -8.2405e+01 6.0000e+01 0.0000e+00 -8.2266e+01 -9.1018e-03
-1.4000e+02 0.0000e+00 -8.1869e+01 -1.0000e+02 0.0000e+00 -8.2085e+01 6.0000e+01 0.0000e+00 -8.2266e+01 1.0000e+02 0.0000e+00 -8.2085e+01 -4.4542e-03
-1.4000e+02 0.0000e+00 -8.1869e+01 -1.0000e+02 0.0000e+00 -8.2085e+01 1.0000e+02 0.0000e+00 -8.2085e+01 1.4000e+02 0.0000e+00 -8.1869e+01 -2.9520e-03
-1.4000e+02 0.0000e+00 -8.1869e+01 -1.0000e+02 0.0000e+00 -8.2085e+01 1.4000e+02 0.0000e+00 -8.1869e+01 1.8000e+02 0.0000e+00 -8.1620e+01 -1.7953e-03
-1.4000e+02 0.0000e+00 -8.1869e+01 -1.0000e+02 0.0000e+00 -8.2085e+01 1.8000e+02 0.0000e+00 -8.1620e+01 2.2000e+02 0.0000e+00 -8.1256e+01 -1.0548e-03
-1.4000e+02 0.0000e+00 -8.1869e+01 -1.0000e+02 0.0000e+00 -8.2085e+01 2.2000e+02 0.0000e+00 -8.1256e+01 2.6000e+02 0.0000e+00 -8.0786e+01 -6.7854e-04
-1.4000e+02 0.0000e+00 -8.1869e+01 -1.0000e+02 0.0000e+00 -8.2085e+01 2.6000e+02 0.0000e+00 -8.0786e+01 3.0000e+02 0.0000e+00 -8.0209e+01 -4.5500e-04
-1.0000e+02 0.0000e+00 -8.2085e+01 -6.0000e+01 0.0000e+00 -8.2266e+01 -3.0000e+02 0.0000e+00 -8.0209e+01 -2.6000e+02 0.0000e+00 -8.0786e+01 -4.0781e-03
-1.0000e+02 0.0000e+00 -8.2085e+01 -6.0000e+01 0.0000e+00 -8.2266e+01 -2.6000e+02 0.0000e+00 -8.0786e+01 -2.2000e+02 0.0000e+00 -8.1256e+01 -8.2294e-03
-1.0000e+02 0.0000e+00 -8.2085e+01 -6.0000e+01 0.0000e+00 -8.2266e+01 -2.2000e+02 0.0000e+00 -8.1256e+01 -1.8000e+02 0.0000e+00 -8.1620e+01 -2.4346e-02
-1.0000e+02 0.0000e+00 -8.2085e+01 -6.0000e+01 0.0000e+00 -8.2266e+01 -1.8000e+02 0.0000e+00 -8.1620e+01 -1.4000e+02 0.0000e+00 -8.1869e+01 -1.2893e-01
-1.0000e+02 0.0000e+00 -8.2085e+01 -6.0000e+01 0.0000e+00 -8.2266e+01 -1.4000e+02 0.0000e+00 -8.1869e+01 -2.0000e+01 0.0000e+00 -8.2405e+01 3.9377e-01
-1.0000e+02 0.0000e+00 -8.2085e+01 -6.0000e+01 0.0000e+00 -8.2266e+01 -2.0000e+01 0.0000e+00 -8.2405e+01 2.0000e+01 0.0000e+00 -8.2405e+01 -1.4397e-01
-1.0000e+02 0.0000e+00 -8.2085e+01 -6.0000e+01 0.0000e+00 -8.2266e+01 2.0000e+01 0.0000e+00 -8.2405e+01 6.0000e+01 0.0000e+00 -8.2266e+01 -3.3055e-02
-1.0000e+02 0.0000e+00 -8.2085e+01 -6.0000e+01 0.0000e+00 -8.2266e+01 6.0000e+01 0.0000e+00 -8.2266e+01 1.0000e+02 0.0000e+00 -8.2085e+01 -1.3145e-02
-1.0000e+02 0.0000e+00 -8.2085e+01 -6.0000e+01 0.0000e+00 -8.2266e+01 1.0000e+02 0.0000e+00 -8.2085e+01 1.4000e+02 0.0000e+00 -8.1869e+01 -7.6913e-03
-1.0000e+02 0.0000e+00 -8.2085e+01 -6.0000e+01 0.0000e+00 -8.2266e+01 1.4000e+02 0.0000e+00 -8.1869e+01 1.8000e+02 0.0000e+00 -8.1620e+01 -4.4916e-03
-1.0000e+02 0.0000e+00 -8.2085e+01 -6.0000e+01 0.0000e+00 -8.2266e+01 1.8000e+02 0.0000e+00 -8.1620e+01 2.2000e+02 0.0000e+00 -8.1256e+01 -2.4507e-03
-1.0000e+02 0.0000e+00 -8.2085e+01 -6.0000e+01 0.0000e+00 -8.2266e+01 2.2000e+02 0.0000e+00 -8.1256e+01 2.6000e+02 0.0000e+00 -8.0786e+01 -1.4468e-03
-1.0000e+02 0.0000e+00 -8.2085e+01 -6.0000e+01 0.0000e+00 -8.2266e+01 2.6000e+02 0.0000e+00 -8.0786e+01 3.0000e+02 0.0000e+00 -8.0209e+01 -9.5594e-04
-6.0000e+01 0.0000e+00 -8.2266e+01 -2.0000e+01 0.0000e+00 -8.2405e+01 -3.0000e+02 0.0000e+00 -8.0209e+01 -2.6000e+02 0.0000e+00 -8.0786e+01 -2.9780e-03
-6.0000e+01 0.0000e+00 -8.2266e+01 -2.0000e+01 0.0000e+00 -8.2405e+01 -2.6000e+02 0.0000e+00 -8.0786e+01 -2.2000e+02 0.0000e+00 -8.1256e+01 -4.6640e-03
-6.0000e+01 0.0000e+00 -8.2266e+01 -2.0000e+01 0.0000e+00 -8.2405e+01 -2.2000e+02 0.0000e+00 -8.1256e+01 -1.8000e+02 0.0000e+00 -8.1620e+01 -8.3885e-03
-6.0000e+01 0.0000e+00 -8.2266e+01 -2.0000e+01 0.0000e+00 -8.2405e+01 -1.8000e+02 0.0000e+00 -8.1620e+01 -1.4000e+02 0.0000e+00 -8.1869e+01 -2.3461e-02
-6.0000e+01 0.0000e+00 -8.2266e+01 -2.0000e+01 0.0000e+00 -8.2405e+01 -1.4000e+02 0.0000e+00 -8.1869e+01 -1.0000e+02 0.0000e+00 -8.2085e+01 -1.3312e-01
-6.0000e+01 0.0000e+00 -8.2266e+01 -2.0000e+01 0.0000e+00 -8.2405e+01 -1.0000e+02 0.0000e+00 -8.2085e+01 2.0000e+01 0.0000e+00 -8.2405e+01 4.0724e-01
-6.0000e+01 0.0000e+00 -8.2266e+01 -2.0000e+01 0.0000e+00 -8.2405e+01 2.0000e+01 0.0000e+00 -8.2405e+01 6.0000e+01 0.0000e+00 -8.2266e+01 -1.4695e-01
-6.0000e+01 0.0000e+00 -8.2266e+01 -2.0000e+01 0.0000e+00 -8.2405e+01 6.0000e+01 0.0000e+00 -8.2266e+01 1.0000e+02 0.0000e+00 -8.2085e+01 -3.6279e-02
-6.0000e+01 0.0000e+00 -8.2266e+01 -2.0000e+01 0.0000e+00 -8.2405e+01 1.0000e+02 0.0000e+00 -8.2085e+01 1.4000e+02 0.0000e+00 -8.1869e+01 -1.7627e-02
-6.0000e+01 0.0000e+00 -8.2266e+01 -2.0000e+01 0.0000e+00 -8.2405e+01 1.4000e+02 0.0000e+00 -8.1869e+01 1.8000e+02 0.0000e+00 -8.1620e+01 -9.3551e-03
-6.0000e+01 0.0000e+00 -8.2266e+01 -2.0000e+01 0.0000e+00 -8.2405e+01 1.8000e+02 0.0000e+00 -8.1620e+01 2.2000e+02 0.0000e+00 -8.1256e+01 -4.6556e-03
-6.0000e+01 0.0000e+00 -8.2266e+01 -2.0000e+01 0.0000e+00 -8.2405e+01 2.2000e+02 0.0000e+00 -8.1256e+01 2.6000e+02 0.0000e+00 -8.0786e+01 -2.7420e-03
-6.0000e+01 0.0000e+00 -8.2266e+01 -2.0000e+01 0.0000e+00 -8.2405e+01 2.6000e+02 0.0000e+00 -8.0786e+01 3.0000e+02 0.0000e+00 -8.0209e+01 -1.7385e-03
-2.0000e+01 0.0000e+00 -8.2405e+01 2.0000e+01 0.0000e+00 -8.2405e+01 -3.0000e+02 0.0000e+00 -8.0209e+01 -2.6000e+02 0.0000e+00 -8.0786e+01 -2.1691e-03
-2.0000e+01 0.0000e+00 -8.2405e+01 2.0000e+01 0.0000e+00 -8.2405e+01 -2.6000e+02 0.0000e+00 -8.0786e+01 -2.2000e+02 0.0000e+00 -8.1256e+01 -3.0945e-03
-2.0000e+01 0.0000e+00 -8.2405e+01 2.0000e+01 0.0000e+00 -8.2405e+01 -2.2000e+02 0.0000e+00 -8.1256e+01 -1.8000e+02 0.0000e+00 -8.1620e+01 -4.7143e-03
-2.0000e+01 0.0000e+00 -8.2405e+01 2.0000e+01 0.0000e+00 -8.2405e+01 -1.8000e+02 0.0000e+00 -8.1620e+01 -1.4000e+02 0.0000e+00 -8.1869e+01 -7.9565e-03
-2.0000e+01 0.0000e+00 -8.2405e+01 2.0000e+01 0.0000e+00 -8.2405e+01 -1.4000e+02 0.0000e+00 -8.1869e+01 -1.0000e+02 0.0000e+00 -8.2085e+01 -2.7171e-02
-2.0000e+01 0.0000e+00 -8.2405e+01 2.0000e+01 0.0000e+00 -8.2405e+01 -1.0000e+02 0.0000e+00 -8.2085e+01 -6.0000e+01 0.0000e+00 -8.2266e+01 -1.4545e-01
-2.0000e+01 0.0000e+00 -8.2405e+01 2.0000e+01 0.0000e+00 -8.2405e+01 -6.0000e+01 0.0000e+00 -8.2266e+01 6.0000e+01 0.0000e+00 -8.2266e+01 4.2360e-01
-2.0000e+01 0.0000e+00 -8.2405e+01 2.0000e+01 0.0000e+00 -8.2405e+01 6.0000e+01 0.0000e+00 -8.2266e+01 1.0000e+02 0.0000e+00 -8.2085e+01 -1.4512e-01
-2.0000e+01 0.0000e+00 -8.2405e+01 2.0000e+01 0.0000e+00 -8.2405e+01 1.0000e+02 0.0000e+00 -8.2085e+01 1.4000e+02 0.0000e+00 -8.1869e+01 -4.0868e-02
-2.0000e+01 0.0000e+00 -8.2405e+01 2.0000e+01 0.0000e+00 -8.2405e+01 1.4000e+02 0.0000e+00 -8.1869e+01 1.8000e+02 0.0000e+00 -8.1620e+01 -1.8406e-02
-2.0000e+01 0.0000e+00 -8.2405e+01 2.0000e+01 0.0000e+00 -8.2405e+01 1.8000e+02 0.0000e+00 -8.1620e+01 2.2000e+02 0.0000e+00 -8.1256e+01 -8.3818e-03
-2.0000e+01 0.0000e+00 -8.2405e+01 2.0000e+01 0.0000e+00 -8.2405e+01 2.2000e+02 0.0000e+00 -8.1256e+01 2.6000e+02 0.0000e+00 -8.0786e+01 -4.5979e-03
-2.0000e+01 0.0000e+00 -8.2405e+01 2.0000e+01 0.0000e+00 -8.2405e+01 2.6000e+02 0.0000e+00 -8.0786e+01 3.0000e+02 0.0000e+00 -8.0209e+01 -2.6605e-03
2.0000e+01 0.0000e+00 -8.2405e+01 6.0000e+01 0.0000e+00 -8.2266e+01 -3.0000e+02 0.0000e+00 -8.0209e+01 -2.6000e+02 0.0000e+00 -8.0786e+01 -1.5919e-03
2.0000e+01 0.0000e+00 -8.2405e+01 6.0000e+01 0.0000e+00 -8.2266e+01 -2.6000e+02 0.0000e+00 -8.0786e+01 -2.2000e+02 0.0000e+00 -8.1256e+01 -2.1545e-03
2.0000e+01 0.0000e+00 -8.2405e+01 6.0000e+01 0.0000e+00 -8.2266e+01 -2.2000e+02 0.0000e+00 -8.1256e+01 -1.8000e+02 0.0000e+00 -8.1620e+01 -2.8047e-03
2.0000e+01 0.0000e+00 -8.2405e+01 6.0000e+01 0.0000e+00 -8.2266e+01 -1.8000e+02 0.0000e+00 -8.1620e+01 -1.4000e+02 0.0000e+00 -8.1869e+01 -3.9155e-03
2.0000e+01 0.0000e+00 -8.2405e+01 6.0000e+01 0.0000e+00 -8.2266e+01 -1.4000e+02 0.0000e+00 -8.1869e+01 -1.0000e+02 0.0000e+00 -8.2085e+01 -9.3773e-03
2.0000e+01 0.0000e+00 -8.2405e+01 6.0000e+01 0.0000e+00 -8.2266e+01 -1.0000e+02 0.0000e+00 -8.2085e+01 -6.0000e+01 0.0000e+00 -8.2266e+01 -3.2993e-02
2.0000e+01 0.0000e+00 -8.2405e+01 6.0000e+01 0.0000e+00 -8.2266e+01 -6.0000e+01 0.0000e+00 -8.2266e+01 -2.0000e+01 0.0000e+00 -8.2405e+01 -1.4905e-01
2.0000e+01 0.0000e+00 -8.2405e+01 6.0000e+01 0.0000e+00 -8.2266e+01 -2.0000e+01 0.0000e+00 -8.2405e+01 1.0000e+02 0.0000e+00 -8.2085e+01 4.4646e-01
2.0000e+01 0.0000e+00 -8.2405e+01 6.0000e+01 0.0000e+00 -8.2266e+01 1.0000e+02 0.0000e+00 -8.2085e+01 1.4000e+02 0.0000e+00 -8.1869e+01 -1.6032e-01
2.0000e+01 0.0000e+00 -8.2405e+01 6.0000e+01 0.0000e+00 -8.2266e+01 1.4000e+02 0.0000e+00 -8.1869e+01 1.8000e+02 0.0000e+00 -8.1620e+01 -4.5457e-02
2.0000e+01 0.0000e+00 -8.2405e+01 6.0000e+01 0.0000e+00 -8.2266e+01 1.8000e+02 0.0000e+00 -8.1620e+01 2.2000e+02 0.0000e+00 -8.1256e+01 -1.7597e-02
2.0000e+01 0.0000e+00 -8.2405e+01 6.0000e+01 0.0000e+00 -8.2266e+01 2.2000e+02 0.0000e+00 -8.1256e+01 2.6000e+02 0.0000e+00 -8.0786e+01 -8.4407e-03
2.0000e+01 0.0000e+00 -8.2405e+01 6.0000e+01 0.0000e+00 -8.2266e+01 2.6000e+02 0.0000e+00 -8.0786e+01 3.0000e+02 0.0000e+00 -8.0209e+01 -4.4760e-03
6.0000e+01 0.0000e+00 -8.2266e+01 1.0000e+02 0.0000e+00 -8.2085e+01 -3.0000e+02 0.0000e+00 -8.0209e+01 -2.6000e+02 0.0000e+00 -8.0786e+01 -1.2887e-03
6.0000e+01 0.0000e+00 -8.2266e+01 1.0000e+02 0.0000e+00 -8.2085e+01 -2.6000e+02 0.0000e+00 -8.0786e+01 -2.2000e+02 0.0000e+00 -8.1256e+01 -1.7115e-03
6.0000e+01 0.0000e+00 -8.2266e+01 1.0000e+02 0.0000e+00 -8.2085e+01 -2.2000e+02 0.0000e+00 -8.1256e+01 -1.8000e+02 0.0000e+00 -8.1620e+01 -2.0718e-03
6.0000e+01 0.0000e+00 -8.2266e+01 1.0000e+02 0.0000e+00 -8.2085e+01 -1.8000e+02 0.0000e+00 -8.1620e+01 -1.4000e+02 0.0000e+00 -8.1869e+01 -2.4899e-03
6.0000e+01 0.0000e+00 -8.2266e+01 1.0000e+02 0.0000e+00 -8.2085e+01 -1.4000e+02 0.0000e+00 -8.1869e+01 -1.0000e+02 0.0000e+00 -8.2085e+01 -4.3949e-03
6.0000e+01 0.0000e+00 -8.2266e+01 1.0000e+02 0.0000e+00 -8.2085e+01 -1.0000e+02 0.0000e+00 -8.2085e+01 -6.0000e+01 0.0000e+00 -8.2266e+01 -1.3101e-02
6.0000e+01 0.0000e+00 -8.2266e+01 1.0000e+02 0.0000e+00 -8.2085e+01 -6.0000e+01 0.0000e+00 -8.2266e+01 -2.0000e+01 0.0000e+00 -8.2405e+01 -3.6755e-02
6.0000e+01 0.0000e+00 -8.2266e+01 1.0000e+02 0.0000e+00 -8.2085e+01 -2.0000e+01 0.0000e+00 -8.2405e+01 2.0000e+01 0.0000e+00 -8.2405e+01 -1.5047e-01
6.0000e+01 0.0000e+00 -8.2266e+01 1.0000e+02 0.0000e+00 -8.2085e+01 2.0000e+01 0.0000e+00 -8.2405e+01 1.4000e+02 0.0000e+00 -8.1869e+01 4.8232e-01
6.0000e+01 0.0000e+00 -8.2266e+01 1.0000e+02 0.0000e+00 -8.2085e+01 1.4000e+02 0.0000e+00 -8.1869e+01 1.8000e+02 0.0000e+00 -8.1620e+01 -1.6863e-01
6.0000e+01 0.0000e+00 -8.2266e+01 1.0000e+02 0.0000e+00 -8.2085e+01 1.8000e+02 0.0000e+00 -8.1620e+01 2.2000e+02 0.0000e+00 -8.1256e+01 -4.5637e-02
6.0000e+01 0.0000e+00 -8.2266e+01 1.0000e+02 0.0000e+00 -8.2085e+01 2.2000e+02 0.0000e+00 -8.1256e+01 2.6000e+02 0.0000e+00 -8.0786e+01 -1.8119e-02
6.0000e+01 0.0000e+00 -8.2266e+01 1.0000e+02 0.0000e+00 -8.2085e+01 2.6000e+02 0.0000e+00 -8.0786e+01 3.0000e+02 0.0000e+00 -8.0209e+01 -8.6816e-03
1.0000e+02 0.0000e+00 -8.2085e+01 1.4000e+02 0.0000e+00 -8.1869e+01 -3.0000e+02 0.0000e+00 -8.0209e+01 -2.6000e+02 0.0000e+00 -8.0786e+01 -1.0880e-03
1.0000e+02 0.0000e+00 -8.2085e+01 1.4000e+02 0.0000e+00 -8.1869e+01 -2.6000e+02 0.0000e+00 -8.0786e+01 -2.2000e+02 0.0000e+00 -8.1256e+01 -1.4320e-03
1.0000e+02 0.0000e+00 -8.2085e+01 1.4000e+02 0.0000e+00 -8.1869e+01 -2.2000e+02 0.0000e+00 -8.1256e+01 -1.8000e+02 0.0000e+00 -8.1620e+01 -1.7563e-03
1.0000e+02 0.0000e+00 -8.2085e+01 1.4000e+02 0.0000e+00 -8.1869e+01 -1.8000e+02 0.0000e+00 -8.1620e+01 -1.4000e+02 0.0000e+00 -8.1869e+01 -1.8523e-03
1.0000e+02 0.0000e+00 -8.2085e+01 1.4000e+02 0.0000e+00 -8.1869e+01 -1.4000e+02 0.0000e+00 -8.1869e+01 -1.0000e+02 0.0000e+00 -8.2085e+01 -2.9890e-03
1.0000e+02 0.0000e+00 -8.2085e+01 1.4000e+02 0.0000e+00 -8.1869e+01 -1.0000e+02 0.0000e+00 -8.2085e+01 -6.0000e+01 0.0000e+00 -8.2266e+01 -7.8052e-03
1.0000e+02 0.0000e+00 -8.2085e+01 1.4000e+02 0.0000e+00 -8.1869e+01 -6.0000e+01 0.0000e+00 -8.2266e+01 -2.0000e+01 0.0000e+00 -8.2405e+01 -1.7024e-02
1.0000e+02 0.0000e+00 -8.2085e+01 1.4000e+02 0.0000e+00 -8.1869e+01 -2.0000e+01 0.0000e+00 -8.2405e+01 2.0000e+01 0.0000e+00 -8.2405e+01 -4.0795e-02
1.0000e+02 0.0000e+00 -8.2085e+01 1.4000e+02 0.0000e+00 -8.1869e+01 2.0000e+01 0.0000e+00 -8.2405e+01 6.0000e+01 0.0000e+00 -8.2266e+01 -1.5508e-01
1.0000e+02 0.0000e+00 -8.2085e+01 1.4000e+02 0.0000e+00 -8.1869e+01 6.0000e+01 0.0000e+00 -8.2266e+01 1.8000e+02 0.0000e+00 -8.1620e+01 4.7438e-01
1.0000e+02 0.0000e+00 -8.2085e+01 1.4000e+02 0.0000e+00 -8.1869e+01 1.8000e+02 0.0000e+00 -8.1620e+01 2.2000e+02 0.0000e+00 -8.1256e+01 -1.5724e-01
1.0000e+02 0.0000e+00 -8.2085e+01 1.4000e+02 0.0000e+00 -8.1869e+01 2.2000e+02 0.0000e+00 -8.1256e+01 2.6000e+02 0.0000e+00 -8.0786e+01 -4.0403e-02
1.0000e+02 0.0000e+00 -8.2085e+01 1.4000e+02 0.0000e+00 -8.1869e+01 2.6000e+02 0.0000e+00 -8.0786e+01 3.0000e+02 0.0000e+00 -8.0209e+01 -1.6392e-02
1.4000e+02 0.0000e+00 -8.1869e+01 1.8000e+02 0.0000e+00 -8.1620e+01 -3.0000e+02 0.0000e+00 -8.0209e+01 -2.6000e+02 0.0000e+00 -8.0786e+01 -7.8473e-04
1.4000e+02 0.0000e+00 -8.1869e+01 1.8000e+02 0.0000e+00 -8.1620e+01 -2.6000e+02 0.0000e+00 -8.0786e+01 -2.2000e+02 0.0000e+00 -8.1256e+01 -1.0180e-03
1.4000e+02 0.0000e+00 -8.1869e+01 1.8000e+02 0.0000e+00 -8.1620e+01 -2.2000e+02 0.0000e+00 -8.1256e+01 -1.8000e+02 0.0000e+00 -8.1620e+01 -1.2121e-03
1.4000e+02 0.0000e+00 -8.1869e+01 1.8000e+02 0.0000e+00 -8.1620e+01 -1.8000e+02 0.0000e+00 -8.1620e+01 -1.4000e+02 0.0000e+00 -8.1869e+01 -1.2614e-03
1.4000e+02 0.0000e+00 -8.1869e+01 1.8000e+02 0.0000e+00 -8.1620e+01 -1.4000e+02 0.0000e+00 -8.1869e+01 -1.0000e+02 0.0000e+00 -8.2085e+01 -1.8373e-03
1.4000e+02 0.0000e+00 -8.1869e+01 1.8000e+02 0.0000e+00 -8.1620e+01 -1.0000e+02 0.0000e+00 -8.2085e+01 -6.0000e+01 0.0000e+00 -8.2266e+01 -4.4755e-03
1.4000e+02 0.0000e+00 -8.1869e+01 1.8000e+02 0.0000e+00 -8.1620e+01 -6.0000e+01 0.0000e+00 -8.2266e+01 -2.0000e+01 0.0000e+00 -8.2405e+01 -9.0819e-03
1.4000e+02 0.0000e+00 -8.1869e+01 1.8000e+02 0.0000e+00 -8.1620e+01 -2.0000e+01 0.0000e+00 -8.2405e+01 2.0000e+01 0.0000e+00 -8.2405e+01 -1.8577e-02
1.4000e+02 0.0000e+00 -8.1869e+01 1.8000e+02 0.0000e+00 -8.1620e+01 2.0000e+01 0.0000e+00 -8.2405e+01 6.0000e+01 0.0000e+00 -8.2266e+01 -4.4035e-02
1.4000e+02 0.0000e+00 -8.1869e+01 1.8000e+02 0.0000e+00 -8.1620e+01 6.0000e+01 0.0000e+00 -8.2266e+01 1.0000e+02 0.0000e+00 -8.2085e+01 -1.6751e-01
1.4000e+02 0.0000e+00 -8.1869e+01 1.8000e+02 0.0000e+00 -8.1620e+01 1.0000e+02 0.0000e+00 -8.2085e+01 2.2000e+02 0.0000e+00 -8.1256e+01 4.7406e-01
1.4000e+02 0.0000e+00 -8.1869e+01 1.8000e+02 0.0000e+00 -8.1620e+01 2.2000e+02 0.0000e+00 -8.1256e+01 2.6000e+02 0.0000e+00 -8.0786e+01 -1.4989e-01
1.4000e+02 0.0000e+00 -8.1869e+01 1.8000e+02 0.0000e+00 -8.1620e+01 2.6000e+02 0.0000e+00 -8.0786e+01 3.0000e+02 0.0000e+00 -8.0209e+01 -3.6019e-02
1.8000e+02 0.0000e+00 -8.1620e+01 2.2000e+02 0.0000e+00 -8.1256e+01 -3.0000e+02 0.0000e+00 -8.0209e+01 -2.6000e+02 0.0000e+00 -8.0786e+01 -5.3232e-04
1.8000e+02 0.0000e+00 -8.1620e+01 2.2000e+02 0.0000e+00 -8.1256e+01 -2.6000e+02 0.0000e+00 -8.0786e+01 -2.2000e+02 0.0000e+00 -8.1256e+01 -6.4940e-04
1.8000e+02 0.0000e+00 -8.1620e+01 2.2000e+02 0.0000e+00 -8.1256e+01 -2.2000e+02 0.0000e+00 -8.1256e+01 -1.8000e+02 0.0000e+00 -8.1620e+01 -7.5771e-04
1.8000e+02 0.0000e+00 -8.1620e+01 2.2000e+02 0.0000e+00 -8.1256e+01 -1.8000e+02 0.0000e+00 -8.1620e+01 -1.4000e+02 0.0000e+00 -8.1869e+01 -7.6416e-04
1.8000e+02 0.0000e+00 -8.1620e+01 2.2000e+02 0.0000e+00 -8.1256e+01 -1.4000e+02 0.0000e+00 -8.1869e+01 -1.0000e+02 0.0000e+00 -8.2085e+01 -1.0247e-03
1.8000e+02 0.0000e+00 -8.1620e+01 2.2000e+02 0.0000e+00 -8.1256e+01 -1.0000e+02 0.0000e+00 -8.2085e+01 -6.0000e+01 0.0000e+00 -8.2266e+01 -2.4395e-03
1.8000e+02 0.0000e+00 -8.1620e+01 2.2000e+02 0.0000e+00 -8.1256e+01 -6.0000e+01 0.0000e+00 -8.2266e+01 -2.0000e+01 0.0000e+00 -8.2405e+01 -4.8018e-03
1.8000e+02 0.0000e+00 -8.1620e+01 2.2000e+02 0.0000e+00 -8.1256e+01 -2.0000e+01 0.0000e+00 -8.2405e+01 2.0000e+01 0.0000e+00 -8.2405e+01 -8.6674e-03
1.8000e+02 0.0000e+00 -8.1620e+01 2.2000e+02 0.0000e+00 -8.1256e+01 2.0000e+01 0.0000e+00 -8.2405e+01 6.0000e+01 0.0000e+00 -8.2266e+01 -1.7153e-02
1.8000e+02 0.0000e+00 -8.1620e+01 2.2000e+02 0.0000e+00 -8.1256e+01 6.0000e+01 0.0000e+00 -8.2266e+01 1.0000e+02 0.0000e+00 -8.2085e+01 -4.5843e-02
1.8000e+02 0.0000e+00 -8.1620e+01 2.2000e+02 0.0000e+00 -8.1256e+01 1.0000e+02 0.0000e+00 -8.2085e+01 1.4000e+02 0.0000e+00 -8.1869e+01 -1.5785e-01
1.8000e+02 0.0000e+00 -8.1620e+01 2.2000e+02 0.0000e+00 -8.1256e+01 1.4000e+02 0.0000e+00 -8.1869e+01 2.6000e+02 0.0000e+00 -8.0786e+01 4.5985e-01
1.8000e+02 0.0000e+00 -8.1620e+01 2.2000e+02 0.0000e+00 -8.1256e+01 2.6000e+02 0.0000e+00 -8.0786e+01 3.0000e+02 0.0000e+00 -8.0209e+01 -1.5471e-01
2.2000e+02 0.0000e+00 -8.1256e+01 2.6000e+02 0.0000e+00 -8.0786e+01 -3.0000e+02 0.0000e+00 -8.0209e+01 -2.6000e+02 0.0000e+00 -8.0786e+01 -3.8062e-04
2.2000e+02 0.0000e+00 -8.1256e+01 2.6000e+02 0.0000e+00 -8.0786e+01 -2.6000e+02 0.0000e+00 -8.0786e+01 -2.2000e+02 0.0000e+00 -8.1256e+01 -4.6726e-04
2.2000e+02 0.0000e+00 -8.1256e+01 2.6000e+02 0.0000e+00 -8.0786e+01 -2.2000e+02 0.0000e+00 -8.1256e+01 -1.8000e+02 0.0000e+00 -8.1620e+01 -5.3257e-04
2.2000e+02 0.0000e+00 -8.1256e+01 2.6000e+02 0.0000e+00 -8.0786e+01 -1.8000e+02 0.0000e+00 -8.1620e+01 -1.4000e+02 0.0000e+00 -8.1869e+01 -5.2151e-04
2.2000e+02 0.0000e+00 -8.1256e+01 2.6000e+02 0.0000e+00 -8.0786e+01 -1.4000e+02 0.0000e+00 -8.1869e+01 -1.0000e+02 0.0000e+00 -8.2085e+01 -6.7662e-04
2.2000e+02 0.0000e+00 -8.1256e+01 2.6000e+02 0.0000e+00 -8.0786e+01 -1.0000e+02 0.0000e+00 -8.2085e+01 -6.0000e+01 0.0000e+00 -8.2266e+01 -1.4468e-03
2.2000e+02 0.0000e+00 -8.1256e+01 2.6000e+02 0.0000e+00 -8.0786e+01 -6.0000e+01 0.0000e+00 -8.2266e+01 -2.0000e+01 0.0000e+00 -8.2405e+01 -2.7524e-03
2.2000e+02 0.0000e+00 -8.1256e+01 2.6000e+02 0.0000e+00 -8.0786e+01 -2.0000e+01 0.0000e+00 -8.2405e+01 2.0000e+01 0.0000e+00 -8.2405e+01 -4.5154e-03
2.2000e+02 0.0000e+00 -8.1256e+01 2.6000e+02 0.0000e+00 -8.0786e+01 2.0000e+01 0.0000e+00 -8.2405e+01 6.0000e+01 0.0000e+00 -8.2266e+01 -8.2102e-03
2.2000e+02 0.0000e+00 -8.1256e+01 2.6000e+02 0.0000e+00 -8.0786e+01 6.0000e+01 0.0000e+00 -8.2266e+01 1.0000e+02 0.0000e+00 -8.2085e+01 -1.7735e-02
2.2000e+02 0.0000e+00 -8.1256e+01 2.6000e+02 0.0000e+00 -8.0786e+01 1.0000e+02 0.0000e+00 -8.2085e+01 1.4000e+02 0.0000e+00 -8.1869e+01 -3.9669e-02
2.2000e+02 0.0000e+00 -8.1256e+01 2.6000e+02 0.0000e+00 -8.0786e+01 1.4000e+02 0.0000e+00 -8.1869e+01 1.8000e+02 0.0000e+00 -8.1620e+01 -1.5491e-01
2.2000e+02 0.0000e+00 -8.1256e+01 2.6000e+02 0.0000e+00 -8.0786e+01 1.8000e+02 0.0000e+00 -8.1620e+01 3.0000e+02 0.0000e+00 -8.0209e+01 4.6113e-01
2.6000e+02 0.0000e+00 -8.0786e+01 3.0000e+02 0.0000e+00 -8.0209e+01 -3.0000e+02 0.0000e+00 -8.0209e+01 -2.6000e+02 0.0000e+00 -8.0786e+01 -2.9802e-04
2.6000e+02 0.0000e+00 -8.0786e+01 3.0000e+02 0.0000e+00 -8.0209e+01 -2.6000e+02 0.0000e+00 -8.0786e+01 -2.2000e+02 0.0000e+00 -8.1256e+01 -3.7213e-04
2.6000e+02 0.0000e+00 -8.0786e+01 3.0000e+02 0.0000e+00 -8.0209e+01 -2.2000e+02 0.0000e+00 -8.1256e+01 -1.8000e+02 0.0000e+00 -8.1620e+01 -4.0476e-04
2.6000e+02 0.0000e+00 -8.0786e+01 3.0000e+02 0.0000e+00 -8.0209e+01 -1.8000e+02 0.0000e+00 -8.1620e+01 -1.4000e+02 0.0000e+00 -8.1869e+01 -3.9073e-04
2.6000e+02 0.0000e+00 -8.0786e+01 3.0000e+02 0.0000e+00 -8.0209e+01 -1.4000e+02 0.0000e+00 -8.1869e+01 -1.0000e+02 0.0000e+00 -8.2085e+01 -4.5451e-04
2.6000e+02 0.0000e+00 -8.0786e+01 3.0000e+02 0.0000e+00 -8.0209e+01 -1.0000e+02 0.0000e+00 -8.2085e+01 -6.0000e+01 0.0000e+00 -8.2266e+01 -9.6436e-04
2.6000e+02 0.0000e+00 -8.0786e+01 3.0000e+02 0.0000e+00 -8.0209e+01 -6.0000e+01 0.0000e+00 -8.2266e+01 -2.0000e+01 0.0000e+00 -8.2405e+01 -1.7787e-03
2.6000e+02 0.0000e+00 -8.0786e+01 3.0000e+02 0.0000e+00 -8.0209e+01 -2.0000e+01 0.0000e+00 -8.2405e+01 2.0000e+01 0.0000e+00 -8.2405e+01 -2.6877e-03
2.6000e+02 0.0000e+00 -8.0786e+01 3.0000e+02 0.0000e+00 -8.0209e+01 2.0000e+01 0.0000e+00 -8.2405e+01 6.0000e+01 0.0000e+00 -8.2266e+01 -4.6357e-03
2.6000e+02 0.0000e+00 -8.0786e+01 3.0000e+02 0.0000e+00 -8.0209e+01 6.0000e+01 0.0000e+00 -8.2266e+01 1.0000e+02 0.0000e+00 -8.2085e+01 -8.6720e-03
2.6000e+02 0.0000e+00 -8.0786e+01 3.0000e+02 0.0000e+00 -8.0209e+01 1.0000e+02 0.0000e+00 -8.2085e+01 1.4000e+02 0.0000e+00 -8.1869e+01 -1.6437e-02
2.6000e+02 0.0000e+00 -8.0786e+01 3.0000e+02 0.0000e+00 -8.0209e+01 1.4000e+02 0.0000e+00 -8.1869e+01 1.8000e+02 0.0000e+00 -8.1620e+01 -3.6219e-02
2.6000e+02 0.0000e+00 -8.0786e+01 3.0000e+02 0.0000e+00 -8.0209e+01 1.8000e+02 0.0000e+00 -8.1620e+01 2.2000e+02 0.0000e+00 -8.1256e+01 -1.5122e-01
