-3.0000e+03 -3.0556e-01
-2.9400e+03 -3.1308e-01
-2.8800e+03 -3.2097e-01
-2.8200e+03 -3.2927e-01
-2.7600e+03 -3.3801e-01
-2.7000e+03 -3.4723e-01
-2.6400e+03 -3.5696e-01
-2.5800e+03 -3.6726e-01
-2.5200e+03 -3.7816e-01
-2.4600e+03 -3.8974e-01
-2.4000e+03 -4.0204e-01
-2.3400e+03 -4.1515e-01
-2.2800e+03 -4.2914e-01
-2.2200e+03 -4.4411e-01
-2.1600e+03 -4.6016e-01
-2.1000e+03 -4.7741e-01
-2.0400e+03 -4.9600e-01
-1.9800e+03 -5.1611e-01
-1.9200e+03 -5.3791e-01
-1.8600e+03 -5.6163e-01
-1.8000e+03 -5.8754e-01
-1.7400e+03 -6.1596e-01
-1.6800e+03 -6.4727e-01
-1.6200e+03 -6.8193e-01
-1.5600e+03 -7.2051e-01
-1.5000e+03 -7.6371e-01
-1.4400e+03 -8.1243e-01
-1.3800e+03 -8.6778e-01
-1.3200e+03 -9.3122e-01
-1.2600e+03 -1.0047e+00
-1.2000e+03 -1.0907e+00
-1.1400e+03 -1.1928e+00
-1.0800e+03 -1.3160e+00
-1.0200e+03 -1.4675e+00
-9.6000e+02 -1.6584e+00
-9.0000e+02 -1.9063e+00
-8.4000e+02 -2.2411e+00
-7.8000e+02 -2.7180e+00
-7.2000e+02 -3.4512e+00
-6.6000e+02 -4.7198e+00
-6.0000e+02 -7.4219e+00
-5.4000e+02 -1.6387e+01
-4.8000e+02 -5.4973e+01
-4.2000e+02 -7.0864e+01
-3.6000e+02 -7.4625e+01
-3.0000e+02 -7.6209e+01
-2.4000e+02 -7.7075e+01
-1.8000e+02 -7.7620e+01
-1.2000e+02 -7.7994e+01
-6.0000e+01 -7.8266e+01
0.0000e+00 -7.8474e+01
6.0000e+01 -7.8266e+01
1.2000e+02 -7.7994e+01
1.8000e+02 -7.7620e+01
2.4000e+02 -7.7075e+01
3.0000e+02 -7.6209e+01
3.6000e+02 -7.4625e+01
4.2000e+02 -7.0864e+01
4.8000e+02 -5.4973e+01
5.4000e+02 -1.6387e+01
6.0000e+02 -7.4219e+00
6.6000e+02 -4.7198e+00
7.2000e+02 -3.4512e+00
7.8000e+02 -2.7180e+00
8.4000e+02 -2.2411e+00
9.0000e+02 -1.9063e+00
9.6000e+02 -1.6584e+00
1.0200e+03 -1.4675e+00
1.0800e+03 -1.3160e+00
1.1400e+03 -1.1928e+00
1.2000e+03 -1.0907e+00
1.2600e+03 -1.0047e+00
1.3200e+03 -9.3122e-01
1.3800e+03 -8.6778e-01
1.4400e+03 -8.1243e-01
1.5000e+03 -7.6371e-01
1.5600e+03 -7.2051e-01
1.6200e+03 -6.8193e-01
1.6800e+03 -6.4727e-01
1.7400e+03 -6.1596e-01
1.8000e+03 -5.8754e-01
1.8600e+03 -5.6163e-01
1.9200e+03 -5.3791e-01
1.9800e+03 -5.1611e-01
2.0400e+03 -4.9600e-01
2.1000e+03 -4.7741e-01
2.1600e+03 -4.6016e-01
2.2200e+03 -4.4411e-01
2.2800e+03 -4.2914e-01
2.3400e+03 -4.1515e-01
2.4000e+03 -4.0204e-01
2.4600e+03 -3.8974e-01
2.5200e+03 -3.7816e-01
2.5800e+03 -3.6726e-01
2.6400e+03 -3.5696e-01
2.7000e+03 -3.4723e-01
2.7600e+03 -3.3801e-01
2.8200e+03 -3.2927e-01
2.8800e+03 -3.2097e-01
2.9400e+03 -3.1308e-01
3.0000e+03 -3.0556e-01
