1.0000e+02 -2.0000e+02 -2.0000e+02 3.0000e+01 -1.7406e-10 -1.7388e-09
1.0000e+02 -2.0000e+02 -1.6000e+02 3.0000e+01 8.0063e-11 -1.6666e-09
1.0000e+02 -2.0000e+02 -1.2000e+02 3.0000e+01 -2.1286e-10 -1.5903e-09
1.0000e+02 -2.0000e+02 -8.0000e+01 3.0000e+01 1.8556e-10 -1.4974e-09
1.0000e+02 -2.0000e+02 -4.0000e+01 3.0000e+01 -5.9730e-10 -1.5650e-09
1.0000e+02 -2.0000e+02 0.0000e+00 3.0000e+01 -9.6319e-11 -1.8973e-09
1.0000e+02 -2.0000e+02 4.0000e+01 3.0000e+01 -4.5331e-10 -1.5711e-09
1.0000e+02 -2.0000e+02 8.0000e+01 3.0000e+01 -3.0800e-10 -1.5854e-09
1.0000e+02 -2.0000e+02 1.2000e+02 3.0000e+01 -8.2551e-11 -1.8267e-09
1.0000e+02 -2.0000e+02 1.6000e+02 3.0000e+01 2.4249e-10 -1.7590e-09
1.0000e+02 -2.0000e+02 2.0000e+02 3.0000e+01 8.9962e-11 -1.5266e-09
1.0000e+02 -1.6000e+02 -2.0000e+02 3.0000e+01 -3.8796e-10 -1.4754e-09
1.0000e+02 -1.6000e+02 -1.6000e+02 3.0000e+01 -3.0488e-11 -1.6865e-09
1.0000e+02 -1.6000e+02 -1.2000e+02 3.0000e+01 -1.8368e-10 -1.5037e-09
1.0000e+02 -1.6000e+02 -8.0000e+01 3.0000e+01 -6.5465e-10 -1.6399e-09
1.0000e+02 -1.6000e+02 -4.0000e+01 3.0000e+01 -3.8232e-10 -2.0911e-09
1.0000e+02 -1.6000e+02 0.0000e+00 3.0000e+01 -4.2774e-10 -2.0542e-09
1.0000e+02 -1.6000e+02 4.0000e+01 3.0000e+01 -7.8647e-10 -2.1757e-09
1.0000e+02 -1.6000e+02 8.0000e+01 3.0000e+01 -1.0680e-09 -2.0112e-09
1.0000e+02 -1.6000e+02 1.2000e+02 3.0000e+01 1.2058e-10 -1.9165e-09
1.0000e+02 -1.6000e+02 1.6000e+02 3.0000e+01 1.1231e-10 -1.6909e-09
1.0000e+02 -1.6000e+02 2.0000e+02 3.0000e+01 2.5092e-11 -1.6843e-09
1.0000e+02 -1.2000e+02 -2.0000e+02 3.0000e+01 1.2512e-10 -1.7497e-09
1.0000e+02 -1.2000e+02 -1.6000e+02 3.0000e+01 1.9632e-10 -1.6065e-09
1.0000e+02 -1.2000e+02 -1.2000e+02 3.0000e+01 -3.8561e-10 -1.7906e-09
1.0000e+02 -1.2000e+02 -8.0000e+01 3.0000e+01 -1.4107e-09 -2.0048e-09
1.0000e+02 -1.2000e+02 -4.0000e+01 3.0000e+01 -2.1020e-09 -2.3400e-09
1.0000e+02 -1.2000e+02 0.0000e+00 3.0000e+01 -1.8414e-09 -2.5268e-09
1.0000e+02 -1.2000e+02 4.0000e+01 3.0000e+01 -2.6594e-09 -2.6944e-09
1.0000e+02 -1.2000e+02 8.0000e+01 3.0000e+01 -1.8048e-09 -2.1081e-09
1.0000e+02 -1.2000e+02 1.2000e+02 3.0000e+01 -5.7586e-10 -2.1611e-09
1.0000e+02 -1.2000e+02 1.6000e+02 3.0000e+01 -3.1541e-10 -1.9461e-09
1.0000e+02 -1.2000e+02 2.0000e+02 3.0000e+01 -5.5123e-12 -1.7791e-09
1.0000e+02 -8.0000e+01 -2.0000e+02 3.0000e+01 -2.1377e-10 -1.7776e-09
1.0000e+02 -8.0000e+01 -1.6000e+02 3.0000e+01 -7.8312e-10 -1.7561e-09
1.0000e+02 -8.0000e+01 -1.2000e+02 3.0000e+01 -1.4856e-09 -2.0094e-09
1.0000e+02 -8.0000e+01 -8.0000e+01 3.0000e+01 -2.6187e-09 -3.0690e-09
1.0000e+02 -8.0000e+01 -4.0000e+01 3.0000e+01 -5.1789e-09 -3.8420e-09
1.0000e+02 -8.0000e+01 0.0000e+00 3.0000e+01 -5.7926e-09 -3.8934e-09
1.0000e+02 -8.0000e+01 4.0000e+01 3.0000e+01 -5.1157e-09 -4.0254e-09
1.0000e+02 -8.0000e+01 8.0000e+01 3.0000e+01 -3.4894e-09 -3.3293e-09
1.0000e+02 -8.0000e+01 1.2000e+02 3.0000e+01 -1.5989e-09 -2.3609e-09
1.0000e+02 -8.0000e+01 1.6000e+02 3.0000e+01 -9.6328e-10 -1.7239e-09
1.0000e+02 -8.0000e+01 2.0000e+02 3.0000e+01 -6.1054e-10 -1.9624e-09
1.0000e+02 -4.0000e+01 -2.0000e+02 3.0000e+01 -5.1784e-10 -1.5096e-09
1.0000e+02 -4.0000e+01 -1.6000e+02 3.0000e+01 -1.2180e-09 -2.0732e-09
1.0000e+02 -4.0000e+01 -1.2000e+02 3.0000e+01 -1.5783e-09 -2.5723e-09
1.0000e+02 -4.0000e+01 -8.0000e+01 3.0000e+01 -4.4342e-09 -3.5948e-09
1.0000e+02 -4.0000e+01 -4.0000e+01 3.0000e+01 -8.4691e-09 -4.9225e-09
1.0000e+02 -4.0000e+01 0.0000e+00 3.0000e+01 -9.2276e-09 -5.1895e-09
1.0000e+02 -4.0000e+01 4.0000e+01 3.0000e+01 -9.2001e-09 -5.1921e-09
1.0000e+02 -4.0000e+01 8.0000e+01 3.0000e+01 -6.4849e-09 -4.2835e-09
1.0000e+02 -4.0000e+01 1.2000e+02 3.0000e+01 -3.3476e-09 -2.6793e-09
1.0000e+02 -4.0000e+01 1.6000e+02 3.0000e+01 -1.4718e-09 -2.2485e-09
1.0000e+02 -4.0000e+01 2.0000e+02 3.0000e+01 -2.5506e-10 -1.7501e-09
1.0000e+02 0.0000e+00 -2.0000e+02 3.0000e+01 -5.1816e-10 -1.7664e-09
1.0000e+02 0.0000e+00 -1.6000e+02 3.0000e+01 -1.2725e-09 -2.1587e-09
1.0000e+02 0.0000e+00 -1.2000e+02 3.0000e+01 -2.0708e-09 -2.6246e-09
1.0000e+02 0.0000e+00 -8.0000e+01 3.0000e+01 -5.7408e-09 -4.1142e-09
1.0000e+02 0.0000e+00 -4.0000e+01 3.0000e+01 -9.6143e-09 -4.8180e-09
1.0000e+02 0.0000e+00 0.0000e+00 3.0000e+01 -1.1251e-08 -5.2433e-09
1.0000e+02 0.0000e+00 4.0000e+01 3.0000e+01 -1.0905e-08 -5.3466e-09
1.0000e+02 0.0000e+00 8.0000e+01 3.0000e+01 -7.1475e-09 -4.3263e-09
1.0000e+02 0.0000e+00 1.2000e+02 3.0000e+01 -3.0066e-09 -3.2231e-09
1.0000e+02 0.0000e+00 1.6000e+02 3.0000e+01 -1.5897e-09 -2.0010e-09
1.0000e+02 0.0000e+00 2.0000e+02 3.0000e+01 -3.1585e-10 -1.9465e-09
1.0000e+02 4.0000e+01 -2.0000e+02 3.0000e+01 -3.2828e-10 -1.8040e-09
1.0000e+02 4.0000e+01 -1.6000e+02 3.0000e+01 -4.1930e-10 -1.7199e-09
1.0000e+02 4.0000e+01 -1.2000e+02 3.0000e+01 -2.5042e-09 -2.4944e-09
1.0000e+02 4.0000e+01 -8.0000e+01 3.0000e+01 -5.0262e-09 -3.6786e-09
1.0000e+02 4.0000e+01 -4.0000e+01 3.0000e+01 -9.3874e-09 -5.1764e-09
1.0000e+02 4.0000e+01 0.0000e+00 3.0000e+01 -1.1005e-08 -5.2985e-09
1.0000e+02 4.0000e+01 4.0000e+01 3.0000e+01 -1.0004e-08 -5.0321e-09
1.0000e+02 4.0000e+01 8.0000e+01 3.0000e+01 -6.8019e-09 -4.5659e-09
1.0000e+02 4.0000e+01 1.2000e+02 3.0000e+01 -3.1674e-09 -3.0961e-09
1.0000e+02 4.0000e+01 1.6000e+02 3.0000e+01 -1.1960e-09 -2.1771e-09
1.0000e+02 4.0000e+01 2.0000e+02 3.0000e+01 -7.8756e-10 -1.7660e-09
1.0000e+02 8.0000e+01 -2.0000e+02 3.0000e+01 -4.6676e-10 -1.5355e-09
1.0000e+02 8.0000e+01 -1.6000e+02 3.0000e+01 -3.5663e-10 -2.0441e-09
1.0000e+02 8.0000e+01 -1.2000e+02 3.0000e+01 -1.6287e-09 -2.1583e-09
1.0000e+02 8.0000e+01 -8.0000e+01 3.0000e+01 -4.0986e-09 -3.4865e-09
1.0000e+02 8.0000e+01 -4.0000e+01 3.0000e+01 -6.3681e-09 -4.0966e-09
1.0000e+02 8.0000e+01 0.0000e+00 3.0000e+01 -7.4842e-09 -4.2579e-09
1.0000e+02 8.0000e+01 4.0000e+01 3.0000e+01 -6.9660e-09 -4.4964e-09
1.0000e+02 8.0000e+01 8.0000e+01 3.0000e+01 -5.0573e-09 -3.8533e-09
1.0000e+02 8.0000e+01 1.2000e+02 3.0000e+01 -2.5308e-09 -2.8619e-09
1.0000e+02 8.0000e+01 1.6000e+02 3.0000e+01 -5.4035e-10 -1.8407e-09
1.0000e+02 8.0000e+01 2.0000e+02 3.0000e+01 -1.4260e-10 -1.5852e-09
1.0000e+02 1.2000e+02 -2.0000e+02 3.0000e+01 -5.4923e-10 -1.8055e-09
1.0000e+02 1.2000e+02 -1.6000e+02 3.0000e+01 -3.0545e-10 -1.8163e-09
1.0000e+02 1.2000e+02 -1.2000e+02 3.0000e+01 -8.2805e-10 -1.7327e-09
1.0000e+02 1.2000e+02 -8.0000e+01 3.0000e+01 -1.7294e-09 -2.2253e-09
1.0000e+02 1.2000e+02 -4.0000e+01 3.0000e+01 -3.0341e-09 -2.8475e-09
1.0000e+02 1.2000e+02 0.0000e+00 3.0000e+01 -3.0173e-09 -3.1670e-09
1.0000e+02 1.2000e+02 4.0000e+01 3.0000e+01 -3.6369e-09 -3.0439e-09
1.0000e+02 1.2000e+02 8.0000e+01 3.0000e+01 -2.1035e-09 -2.7692e-09
1.0000e+02 1.2000e+02 1.2000e+02 3.0000e+01 -1.4922e-09 -2.1451e-09
1.0000e+02 1.2000e+02 1.6000e+02 3.0000e+01 -8.1442e-10 -1.7953e-09
1.0000e+02 1.2000e+02 2.0000e+02 3.0000e+01 -5.2643e-10 -1.8552e-09
1.0000e+02 1.6000e+02 -2.0000e+02 3.0000e+01 -4.5395e-11 -1.6206e-09
1.0000e+02 1.6000e+02 -1.6000e+02 3.0000e+01 5.8226e-11 -1.8449e-09
1.0000e+02 1.6000e+02 -1.2000e+02 3.0000e+01 -6.4579e-10 -1.7083e-09
1.0000e+02 1.6000e+02 -8.0000e+01 3.0000e+01 -3.8123e-10 -1.9441e-09
1.0000e+02 1.6000e+02 -4.0000e+01 3.0000e+01 -1.3927e-09 -2.2605e-09
1.0000e+02 1.6000e+02 0.0000e+00 3.0000e+01 -1.0687e-09 -1.9897e-09
1.0000e+02 1.6000e+02 4.0000e+01 3.0000e+01 -1.2018e-09 -2.0760e-09
1.0000e+02 1.6000e+02 8.0000e+01 3.0000e+01 -1.4386e-09 -1.7756e-09
1.0000e+02 1.6000e+02 1.2000e+02 3.0000e+01 -4.9559e-10 -1.6420e-09
1.0000e+02 1.6000e+02 1.6000e+02 3.0000e+01 2.3090e-10 -1.5200e-09
1.0000e+02 1.6000e+02 2.0000e+02 3.0000e+01 -4.3939e-10 -1.6609e-09
1.0000e+02 2.0000e+02 -2.0000e+02 3.0000e+01 1.7348e-10 -1.5952e-09
1.0000e+02 2.0000e+02 -1.6000e+02 3.0000e+01 -2.2124e-10 -1.6391e-09
1.0000e+02 2.0000e+02 -1.2000e+02 3.0000e+01 1.7708e-10 -1.5755e-09
1.0000e+02 2.0000e+02 -8.0000e+01 3.0000e+01 -1.4140e-11 -1.8143e-09
1.0000e+02 2.0000e+02 -4.0000e+01 3.0000e+01 -3.8792e-10 -1.7254e-09
1.0000e+02 2.0000e+02 0.0000e+00 3.0000e+01 -2.8956e-10 -1.6164e-09
1.0000e+02 2.0000e+02 4.0000e+01 3.0000e+01 -9.1738e-10 -1.6998e-09
1.0000e+02 2.0000e+02 8.0000e+01 3.0000e+01 -1.3784e-10 -1.6932e-09
1.0000e+02 2.0000e+02 1.2000e+02 3.0000e+01 1.8303e-10 -1.5346e-09
1.0000e+02 2.0000e+02 1.6000e+02 3.0000e+01 -4.7677e-10 -1.3733e-09
1.0000e+02 2.0000e+02 2.0000e+02 3.0000e+01 3.5567e-10 -1.5828e-09
