-8.0000e+01 -8.0000e+01 -3.0029e-02 -3.4855e-05
-7.0000e+01 -8.0000e+01 -5.6620e-01 -2.9691e-04
-6.0000e+01 -8.0000e+01 -1.1442e+00 -1.2829e-04
-5.0000e+01 -8.0000e+01 -1.7338e+00 -2.5383e-04
-4.0000e+01 -8.0000e+01 -2.2976e+00 -6.8343e-05
-3.0000e+01 -8.0000e+01 -2.7943e+00 -8.9573e-05
-2.0000e+01 -8.0000e+01 -3.1839e+00 1.2466e-04
-1.0000e+01 -8.0000e+01 -3.4326e+00 2.4483e-04
0.0000e+00 -8.0000e+01 -3.5182e+00 3.0700e-04
1.0000e+01 -8.0000e+01 -3.4326e+00 3.5633e-04
2.0000e+01 -8.0000e+01 -3.1839e+00 4.9887e-04
3.0000e+01 -8.0000e+01 -2.7943e+00 3.9484e-04
4.0000e+01 -8.0000e+01 -2.2976e+00 7.5264e-04
5.0000e+01 -8.0000e+01 -1.7338e+00 3.9928e-04
6.0000e+01 -8.0000e+01 -1.1442e+00 8.0121e-04
7.0000e+01 -8.0000e+01 -5.6620e-01 7.4391e-04
8.0000e+01 -8.0000e+01 -3.0029e-02 6.7647e-04
-8.0000e+01 -7.0000e+01 -5.6620e-01 -3.6066e-04
-7.0000e+01 -7.0000e+01 -1.2440e+00 -5.6674e-05
-6.0000e+01 -7.0000e+01 -1.9746e+00 -3.9640e-04
-5.0000e+01 -7.0000e+01 -2.7200e+00 -5.0968e-04
-4.0000e+01 -7.0000e+01 -3.4326e+00 -2.2365e-04
-3.0000e+01 -7.0000e+01 -4.0605e+00 -5.4271e-05
-2.0000e+01 -7.0000e+01 -4.5530e+00 9.2662e-05
-1.0000e+01 -7.0000e+01 -4.8675e+00 -1.1766e-04
0.0000e+00 -7.0000e+01 -4.9756e+00 -3.7526e-05
1.0000e+01 -7.0000e+01 -4.8675e+00 1.6988e-04
2.0000e+01 -7.0000e+01 -4.5530e+00 7.0130e-04
3.0000e+01 -7.0000e+01 -4.0605e+00 4.7296e-04
4.0000e+01 -7.0000e+01 -3.4326e+00 5.8841e-04
5.0000e+01 -7.0000e+01 -2.7200e+00 9.9780e-04
6.0000e+01 -7.0000e+01 -1.9746e+00 6.2859e-04
7.0000e+01 -7.0000e+01 -1.2440e+00 4.8321e-04
8.0000e+01 -7.0000e+01 -5.6620e-01 6.1607e-04
-8.0000e+01 -6.0000e+01 -1.1442e+00 -2.2711e-04
-7.0000e+01 -6.0000e+01 -1.9746e+00 -5.4946e-04
-6.0000e+01 -6.0000e+01 -2.8698e+00 -3.7748e-04
-5.0000e+01 -6.0000e+01 -3.7830e+00 -5.0046e-04
-4.0000e+01 -6.0000e+01 -4.6562e+00 -6.5487e-04
-3.0000e+01 -6.0000e+01 -5.4255e+00 -3.5307e-04
-2.0000e+01 -6.0000e+01 -6.0289e+00 -1.3059e-04
-1.0000e+01 -6.0000e+01 -6.4142e+00 3.8642e-05
0.0000e+00 -6.0000e+01 -6.5467e+00 -3.7610e-05
1.0000e+01 -6.0000e+01 -6.4142e+00 4.9559e-04
2.0000e+01 -6.0000e+01 -6.0289e+00 8.7376e-04
3.0000e+01 -6.0000e+01 -5.4255e+00 7.3310e-04
4.0000e+01 -6.0000e+01 -4.6562e+00 1.2665e-03
5.0000e+01 -6.0000e+01 -3.7830e+00 1.1064e-03
6.0000e+01 -6.0000e+01 -2.8698e+00 1.2281e-03
7.0000e+01 -6.0000e+01 -1.9746e+00 1.0676e-03
8.0000e+01 -6.0000e+01 -1.1442e+00 1.0165e-03
-8.0000e+01 -5.0000e+01 -1.7338e+00 -4.6535e-04
-7.0000e+01 -5.0000e+01 -2.7200e+00 -7.2333e-04
-6.0000e+01 -5.0000e+01 -3.7830e+00 -9.3356e-04
-5.0000e+01 -5.0000e+01 -4.8675e+00 -9.2152e-04
-4.0000e+01 -5.0000e+01 -5.9044e+00 -1.3895e-03
-3.0000e+01 -5.0000e+01 -6.8180e+00 -1.2379e-03
-2.0000e+01 -5.0000e+01 -7.5346e+00 -8.0472e-04
-1.0000e+01 -5.0000e+01 -7.9922e+00 -2.3252e-04
0.0000e+00 -5.0000e+01 -8.1495e+00 8.7825e-05
1.0000e+01 -5.0000e+01 -7.9922e+00 7.0175e-04
2.0000e+01 -5.0000e+01 -7.5346e+00 1.3356e-03
3.0000e+01 -5.0000e+01 -6.8180e+00 1.4259e-03
4.0000e+01 -5.0000e+01 -5.9044e+00 1.3073e-03
5.0000e+01 -5.0000e+01 -4.8675e+00 1.5619e-03
6.0000e+01 -5.0000e+01 -3.7830e+00 1.2711e-03
7.0000e+01 -5.0000e+01 -2.7200e+00 1.2968e-03
8.0000e+01 -5.0000e+01 -1.7338e+00 1.0120e-03
-8.0000e+01 -4.0000e+01 -2.2976e+00 -8.9437e-04
-7.0000e+01 -4.0000e+01 -3.4326e+00 -1.1134e-03
-6.0000e+01 -4.0000e+01 -4.6562e+00 -1.7069e-03
-5.0000e+01 -4.0000e+01 -5.9044e+00 -1.9014e-03
-4.0000e+01 -4.0000e+01 -7.0980e+00 -2.1096e-03
-3.0000e+01 -4.0000e+01 -8.1495e+00 -1.7819e-03
-2.0000e+01 -4.0000e+01 -8.9742e+00 -1.5989e-03
-1.0000e+01 -4.0000e+01 -9.5009e+00 -9.8014e-04
0.0000e+00 -4.0000e+01 -9.6820e+00 3.0051e-04
1.0000e+01 -4.0000e+01 -9.5009e+00 9.6376e-04
2.0000e+01 -4.0000e+01 -8.9742e+00 1.9711e-03
3.0000e+01 -4.0000e+01 -8.1495e+00 2.0504e-03
4.0000e+01 -4.0000e+01 -7.0980e+00 2.5879e-03
5.0000e+01 -4.0000e+01 -5.9044e+00 2.0378e-03
6.0000e+01 -4.0000e+01 -4.6562e+00 1.9642e-03
7.0000e+01 -4.0000e+01 -3.4326e+00 1.4263e-03
8.0000e+01 -4.0000e+01 -2.2976e+00 1.4516e-03
-8.0000e+01 -3.0000e+01 -2.7943e+00 -1.2909e-03
-7.0000e+01 -3.0000e+01 -4.0605e+00 -1.7075e-03
-6.0000e+01 -3.0000e+01 -5.4255e+00 -2.4280e-03
-5.0000e+01 -3.0000e+01 -6.8180e+00 -3.0377e-03
-4.0000e+01 -3.0000e+01 -8.1495e+00 -3.5195e-03
-3.0000e+01 -3.0000e+01 -9.3226e+00 -3.5474e-03
-2.0000e+01 -3.0000e+01 -1.0243e+01 -2.9405e-03
-1.0000e+01 -3.0000e+01 -1.0830e+01 -1.4833e-03
0.0000e+00 -3.0000e+01 -1.1032e+01 1.4342e-05
1.0000e+01 -3.0000e+01 -1.0830e+01 1.7416e-03
2.0000e+01 -3.0000e+01 -1.0243e+01 2.6869e-03
3.0000e+01 -3.0000e+01 -9.3226e+00 3.7828e-03
4.0000e+01 -3.0000e+01 -8.1495e+00 3.9879e-03
5.0000e+01 -3.0000e+01 -6.8180e+00 3.3446e-03
6.0000e+01 -3.0000e+01 -5.4255e+00 2.7837e-03
7.0000e+01 -3.0000e+01 -4.0605e+00 2.0236e-03
8.0000e+01 -3.0000e+01 -2.7943e+00 1.4778e-03
-8.0000e+01 -2.0000e+01 -3.1839e+00 -1.4280e-03
-7.0000e+01 -2.0000e+01 -4.5530e+00 -2.2344e-03
-6.0000e+01 -2.0000e+01 -6.0289e+00 -3.4818e-03
-5.0000e+01 -2.0000e+01 -7.5346e+00 -5.1038e-03
-4.0000e+01 -2.0000e+01 -8.9742e+00 -6.0901e-03
-3.0000e+01 -2.0000e+01 -1.0243e+01 -6.2647e-03
-2.0000e+01 -2.0000e+01 -1.1237e+01 -4.9711e-03
-1.0000e+01 -2.0000e+01 -1.1873e+01 -2.5971e-03
0.0000e+00 -2.0000e+01 -1.2091e+01 5.0097e-05
1.0000e+01 -2.0000e+01 -1.1873e+01 2.3069e-03
2.0000e+01 -2.0000e+01 -1.1237e+01 4.8230e-03
3.0000e+01 -2.0000e+01 -1.0243e+01 6.4123e-03
4.0000e+01 -2.0000e+01 -8.9742e+00 6.2824e-03
5.0000e+01 -2.0000e+01 -7.5346e+00 5.0139e-03
6.0000e+01 -2.0000e+01 -6.0289e+00 3.5736e-03
7.0000e+01 -2.0000e+01 -4.5530e+00 2.4981e-03
8.0000e+01 -2.0000e+01 -3.1839e+00 1.8765e-03
-8.0000e+01 -1.0000e+01 -3.4326e+00 -1.8802e-03
-7.0000e+01 -1.0000e+01 -4.8675e+00 -2.5393e-03
-6.0000e+01 -1.0000e+01 -6.4142e+00 -4.3376e-03
-5.0000e+01 -1.0000e+01 -7.9922e+00 -6.8427e-03
-4.0000e+01 -1.0000e+01 -9.5009e+00 -8.8638e-03
-3.0000e+01 -1.0000e+01 -1.0830e+01 -9.2980e-03
-2.0000e+01 -1.0000e+01 -1.1873e+01 -7.2188e-03
-1.0000e+01 -1.0000e+01 -1.2538e+01 -3.8546e-03
0.0000e+00 -1.0000e+01 -1.2767e+01 -1.2114e-04
1.0000e+01 -1.0000e+01 -1.2538e+01 3.2706e-03
2.0000e+01 -1.0000e+01 -1.1873e+01 7.2830e-03
3.0000e+01 -1.0000e+01 -1.0830e+01 1.0278e-02
4.0000e+01 -1.0000e+01 -9.5009e+00 9.5415e-03
5.0000e+01 -1.0000e+01 -7.9922e+00 7.2016e-03
6.0000e+01 -1.0000e+01 -6.4142e+00 4.7429e-03
7.0000e+01 -1.0000e+01 -4.8675e+00 2.8381e-03
8.0000e+01 -1.0000e+01 -3.4326e+00 1.8550e-03
-8.0000e+01 0.0000e+00 -3.5182e+00 -1.7985e-03
-7.0000e+01 0.0000e+00 -4.9756e+00 -2.8027e-03
-6.0000e+01 0.0000e+00 -6.5467e+00 -5.0911e-03
-5.0000e+01 0.0000e+00 -8.1495e+00 -7.3892e-03
-4.0000e+01 0.0000e+00 -9.6820e+00 -1.0329e-02
-3.0000e+01 0.0000e+00 -1.1032e+01 -1.0583e-02
-2.0000e+01 0.0000e+00 -1.2091e+01 -8.4006e-03
-1.0000e+01 0.0000e+00 -1.2767e+01 -4.0687e-03
0.0000e+00 0.0000e+00 -1.3000e+01 1.6886e-04
1.0000e+01 0.0000e+00 -1.2767e+01 3.9683e-03
2.0000e+01 0.0000e+00 -1.2091e+01 8.6486e-03
3.0000e+01 0.0000e+00 -1.1032e+01 1.2012e-02
4.0000e+01 0.0000e+00 -9.6820e+00 1.1412e-02
5.0000e+01 0.0000e+00 -8.1495e+00 8.1299e-03
6.0000e+01 0.0000e+00 -6.5467e+00 4.8455e-03
7.0000e+01 0.0000e+00 -4.9756e+00 3.0946e-03
8.0000e+01 0.0000e+00 -3.5182e+00 1.8896e-03
-8.0000e+01 1.0000e+01 -3.4326e+00 -1.7311e-03
-7.0000e+01 1.0000e+01 -4.8675e+00 -2.5763e-03
-6.0000e+01 1.0000e+01 -6.4142e+00 -4.3188e-03
-5.0000e+01 1.0000e+01 -7.9922e+00 -6.9723e-03
-4.0000e+01 1.0000e+01 -9.5009e+00 -9.0685e-03
-3.0000e+01 1.0000e+01 -1.0830e+01 -9.4029e-03
-2.0000e+01 1.0000e+01 -1.1873e+01 -7.3614e-03
-1.0000e+01 1.0000e+01 -1.2538e+01 -3.7506e-03
0.0000e+00 1.0000e+01 -1.2767e+01 -1.1826e-04
1.0000e+01 1.0000e+01 -1.2538e+01 3.4987e-03
2.0000e+01 1.0000e+01 -1.1873e+01 7.1396e-03
3.0000e+01 1.0000e+01 -1.0830e+01 1.0046e-02
4.0000e+01 1.0000e+01 -9.5009e+00 9.7346e-03
5.0000e+01 1.0000e+01 -7.9922e+00 6.8889e-03
6.0000e+01 1.0000e+01 -6.4142e+00 4.4081e-03
7.0000e+01 1.0000e+01 -4.8675e+00 3.2415e-03
8.0000e+01 1.0000e+01 -3.4326e+00 1.9232e-03
-8.0000e+01 2.0000e+01 -3.1839e+00 -1.6393e-03
-7.0000e+01 2.0000e+01 -4.5530e+00 -2.1885e-03
-6.0000e+01 2.0000e+01 -6.0289e+00 -3.4513e-03
-5.0000e+01 2.0000e+01 -7.5346e+00 -4.8611e-03
-4.0000e+01 2.0000e+01 -8.9742e+00 -6.2410e-03
-3.0000e+01 2.0000e+01 -1.0243e+01 -6.5044e-03
-2.0000e+01 2.0000e+01 -1.1237e+01 -5.0567e-03
-1.0000e+01 2.0000e+01 -1.1873e+01 -2.7157e-03
0.0000e+00 2.0000e+01 -1.2091e+01 -1.0479e-04
1.0000e+01 2.0000e+01 -1.1873e+01 2.6977e-03
2.0000e+01 2.0000e+01 -1.1237e+01 4.9078e-03
3.0000e+01 2.0000e+01 -1.0243e+01 6.4550e-03
4.0000e+01 2.0000e+01 -8.9742e+00 6.6402e-03
5.0000e+01 2.0000e+01 -7.5346e+00 5.2579e-03
6.0000e+01 2.0000e+01 -6.0289e+00 3.7929e-03
7.0000e+01 2.0000e+01 -4.5530e+00 2.6126e-03
8.0000e+01 2.0000e+01 -3.1839e+00 1.8470e-03
-8.0000e+01 3.0000e+01 -2.7943e+00 -9.8418e-04
-7.0000e+01 3.0000e+01 -4.0605e+00 -1.6624e-03
-6.0000e+01 3.0000e+01 -5.4255e+00 -2.4875e-03
-5.0000e+01 3.0000e+01 -6.8180e+00 -3.0784e-03
-4.0000e+01 3.0000e+01 -8.1495e+00 -3.7715e-03
-3.0000e+01 3.0000e+01 -9.3226e+00 -3.5168e-03
-2.0000e+01 3.0000e+01 -1.0243e+01 -3.0209e-03
-1.0000e+01 3.0000e+01 -1.0830e+01 -1.6527e-03
0.0000e+00 3.0000e+01 -1.1032e+01 2.7989e-04
1.0000e+01 3.0000e+01 -1.0830e+01 1.5835e-03
2.0000e+01 3.0000e+01 -1.0243e+01 2.7327e-03
3.0000e+01 3.0000e+01 -9.3226e+00 3.7884e-03
4.0000e+01 3.0000e+01 -8.1495e+00 3.9790e-03
5.0000e+01 3.0000e+01 -6.8180e+00 3.3174e-03
6.0000e+01 3.0000e+01 -5.4255e+00 2.4330e-03
7.0000e+01 3.0000e+01 -4.0605e+00 1.7567e-03
8.0000e+01 3.0000e+01 -2.7943e+00 1.3702e-03
-8.0000e+01 4.0000e+01 -2.2976e+00 -8.9427e-04
-7.0000e+01 4.0000e+01 -3.4326e+00 -9.2986e-04
-6.0000e+01 4.0000e+01 -4.6562e+00 -1.3707e-03
-5.0000e+01 4.0000e+01 -5.9044e+00 -1.7423e-03
-4.0000e+01 4.0000e+01 -7.0980e+00 -1.9737e-03
-3.0000e+01 4.0000e+01 -8.1495e+00 -2.0955e-03
-2.0000e+01 4.0000e+01 -8.9742e+00 -1.4229e-03
-1.0000e+01 4.0000e+01 -9.5009e+00 -9.9287e-04
0.0000e+00 4.0000e+01 -9.6820e+00 1.6085e-04
1.0000e+01 4.0000e+01 -9.5009e+00 9.2416e-04
2.0000e+01 4.0000e+01 -8.9742e+00 1.8405e-03
3.0000e+01 4.0000e+01 -8.1495e+00 2.4608e-03
4.0000e+01 4.0000e+01 -7.0980e+00 2.4373e-03
5.0000e+01 4.0000e+01 -5.9044e+00 2.3504e-03
6.0000e+01 4.0000e+01 -4.6562e+00 1.8033e-03
7.0000e+01 4.0000e+01 -3.4326e+00 1.4353e-03
8.0000e+01 4.0000e+01 -2.2976e+00 1.1716e-03
-8.0000e+01 5.0000e+01 -1.7338e+00 -3.8803e-04
-7.0000e+01 5.0000e+01 -2.7200e+00 -9.0474e-04
-6.0000e+01 5.0000e+01 -3.7830e+00 -8.0881e-04
-5.0000e+01 5.0000e+01 -4.8675e+00 -1.0869e-03
-4.0000e+01 5.0000e+01 -5.9044e+00 -1.2733e-03
-3.0000e+01 5.0000e+01 -6.8180e+00 -9.3600e-04
-2.0000e+01 5.0000e+01 -7.5346e+00 -8.7619e-04
-1.0000e+01 5.0000e+01 -7.9922e+00 -3.5501e-04
0.0000e+00 5.0000e+01 -8.1495e+00 -2.3971e-05
1.0000e+01 5.0000e+01 -7.9922e+00 6.1147e-04
2.0000e+01 5.0000e+01 -7.5346e+00 1.1028e-03
3.0000e+01 5.0000e+01 -6.8180e+00 1.1814e-03
4.0000e+01 5.0000e+01 -5.9044e+00 1.6188e-03
5.0000e+01 5.0000e+01 -4.8675e+00 1.3411e-03
6.0000e+01 5.0000e+01 -3.7830e+00 1.4438e-03
7.0000e+01 5.0000e+01 -2.7200e+00 1.3864e-03
8.0000e+01 5.0000e+01 -1.7338e+00 1.1708e-03
-8.0000e+01 6.0000e+01 -1.1442e+00 -4.2851e-04
-7.0000e+01 6.0000e+01 -1.9746e+00 -4.5283e-04
-6.0000e+01 6.0000e+01 -2.8698e+00 -7.0775e-04
-5.0000e+01 6.0000e+01 -3.7830e+00 -8.4219e-04
-4.0000e+01 6.0000e+01 -4.6562e+00 -5.5298e-04
-3.0000e+01 6.0000e+01 -5.4255e+00 -6.3459e-04
-2.0000e+01 6.0000e+01 -6.0289e+00 -4.6084e-04
-1.0000e+01 6.0000e+01 -6.4142e+00 5.1699e-05
0.0000e+00 6.0000e+01 -6.5467e+00 3.3466e-04
1.0000e+01 6.0000e+01 -6.4142e+00 2.4280e-04
2.0000e+01 6.0000e+01 -6.0289e+00 5.6378e-04
3.0000e+01 6.0000e+01 -5.4255e+00 9.9793e-04
4.0000e+01 6.0000e+01 -4.6562e+00 1.0124e-03
5.0000e+01 6.0000e+01 -3.7830e+00 1.1733e-03
6.0000e+01 6.0000e+01 -2.8698e+00 1.0944e-03
7.0000e+01 6.0000e+01 -1.9746e+00 1.0490e-03
8.0000e+01 6.0000e+01 -1.1442e+00 7.1491e-04
-8.0000e+01 7.0000e+01 -5.6620e-01 -1.4541e-04
-7.0000e+01 7.0000e+01 -1.2440e+00 -1.4359e-04
-6.0000e+01 7.0000e+01 -1.9746e+00 -5.1450e-04
-5.0000e+01 7.0000e+01 -2.7200e+00 -4.8437e-04
-4.0000e+01 7.0000e+01 -3.4326e+00 -1.7156e-04
-3.0000e+01 7.0000e+01 -4.0605e+00 -2.1580e-04
-2.0000e+01 7.0000e+01 -4.5530e+00 -2.4153e-04
-1.0000e+01 7.0000e+01 -4.8675e+00 2.6597e-04
0.0000e+00 7.0000e+01 -4.9756e+00 1.1147e-04
1.0000e+01 7.0000e+01 -4.8675e+00 1.7272e-04
2.0000e+01 7.0000e+01 -4.5530e+00 4.0720e-04
3.0000e+01 7.0000e+01 -4.0605e+00 5.4578e-04
4.0000e+01 7.0000e+01 -3.4326e+00 8.6277e-04
5.0000e+01 7.0000e+01 -2.7200e+00 7.6456e-04
6.0000e+01 7.0000e+01 -1.9746e+00 8.7043e-04
7.0000e+01 7.0000e+01 -1.2440e+00 8.4140e-04
8.0000e+01 7.0000e+01 -5.6620e-01 6.0821e-04
-8.0000e+01 8.0000e+01 -3.0029e-02 -2.0590e-04
-7.0000e+01 8.0000e+01 -5.6620e-01 2.0727e-05
-6.0000e+01 8.0000e+01 -1.1442e+00 -1.3129e-05
-5.0000e+01 8.0000e+01 -1.7338e+00 -1.2148e-04
-4.0000e+01 8.0000e+01 -2.2976e+00 -3.4981e-04
-3.0000e+01 8.0000e+01 -2.7943e+00 -2.0545e-04
-2.0000e+01 8.0000e+01 -3.1839e+00 1.6260e-04
-1.0000e+01 8.0000e+01 -3.4326e+00 6.4013e-05
0.0000e+00 8.0000e+01 -3.5182e+00 -1.9250e-05
1.0000e+01 8.0000e+01 -3.4326e+00 1.9014e-04
2.0000e+01 8.0000e+01 -3.1839e+00 4.5042e-04
3.0000e+01 8.0000e+01 -2.7943e+00 4.7506e-04
4.0000e+01 8.0000e+01 -2.2976e+00 3.9019e-04
5.0000e+01 8.0000e+01 -1.7338e+00 4.2323e-04
6.0000e+01 8.0000e+01 -1.1442e+00 3.9528e-04
7.0000e+01 8.0000e+01 -5.6620e-01 6.1621e-04
8.0000e+01 8.0000e+01 -3.0029e-02 4.8684e-04
