-3.0000e+02 0.0000e+00 -8.0209e+01 -2.6000e+02 0.0000e+00 -8.0786e+01 -2.2000e+02 0.0000e+00 -8.1256e+01 -1.8000e+02 0.0000e+00 -8.1620e+01 1.0147e-04
-3.0000e+02 0.0000e+00 -8.0209e+01 -2.6000e+02 0.0000e+00 -8.0786e+01 -1.8000e+02 0.0000e+00 -8.1620e+01 -1.4000e+02 0.0000e+00 -8.1869e+01 -4.6529e-05
-3.0000e+02 0.0000e+00 -8.0209e+01 -2.6000e+02 0.0000e+00 -8.0786e+01 -1.4000e+02 0.0000e+00 -8.1869e+01 -1.0000e+02 0.0000e+00 -8.2085e+01 -1.4986e-04
-3.0000e+02 0.0000e+00 -8.0209e+01 -2.6000e+02 0.0000e+00 -8.0786e+01 -1.0000e+02 0.0000e+00 -8.2085e+01 -6.0000e+01 0.0000e+00 -8.2266e+01 -9.2062e-05
-3.0000e+02 0.0000e+00 -8.0209e+01 -2.6000e+02 0.0000e+00 -8.0786e+01 -6.0000e+01 0.0000e+00 -8.2266e+01 -2.0000e+01 0.0000e+00 -8.2405e+01 -3.0696e-05
-3.0000e+02 0.0000e+00 -8.0209e+01 -2.6000e+02 0.0000e+00 -8.0786e+01 -2.0000e+01 0.0000e+00 -8.2405e+01 2.0000e+01 0.0000e+00 -8.2405e+01 -7.3311e-06
-3.0000e+02 0.0000e+00 -8.0209e+01 -2.6000e+02 0.0000e+00 -8.0786e+01 2.0000e+01 0.0000e+00 -8.2405e+01 6.0000e+01 0.0000e+00 -8.2266e+01 1.9610e-07
-3.0000e+02 0.0000e+00 -8.0209e+01 -2.6000e+02 0.0000e+00 -8.0786e+01 6.0000e+01 0.0000e+00 -8.2266e+01 1.0000e+02 0.0000e+00 -8.2085e+01 2.5882e-06
-3.0000e+02 0.0000e+00 -8.0209e+01 -2.6000e+02 0.0000e+00 -8.0786e+01 1.0000e+02 0.0000e+00 -8.2085e+01 1.4000e+02 0.0000e+00 -8.1869e+01 2.8623e-06
-3.0000e+02 0.0000e+00 -8.0209e+01 -2.6000e+02 0.0000e+00 -8.0786e+01 1.4000e+02 0.0000e+00 -8.1869e+01 1.8000e+02 0.0000e+00 -8.1620e+01 2.0520e-06
-3.0000e+02 0.0000e+00 -8.0209e+01 -2.6000e+02 0.0000e+00 -8.0786e+01 1.8000e+02 0.0000e+00 -8.1620e+01 2.2000e+02 0.0000e+00 -8.1256e+01 1.4225e-06
-3.0000e+02 0.0000e+00 -8.0209e+01 -2.6000e+02 0.0000e+00 -8.0786e+01 2.2000e+02 0.0000e+00 -8.1256e+01 2.6000e+02 0.0000e+00 -8.0786e+01 1.0891e-06
-3.0000e+02 0.0000e+00 -8.0209e+01 -2.6000e+02 0.0000e+00 -8.0786e+01 2.6000e+02 0.0000e+00 -8.0786e+01 3.0000e+02 0.0000e+00 -8.0209e+01 9.3151e-07
-2.6000e+02 0.0000e+00 -8.0786e+01 -2.2000e+02 0.0000e+00 -8.1256e+01 -3.0000e+02 0.0000e+00 -8.0209e+01 -1.8000e+02 0.0000e+00 -8.1620e+01 4.7491e-04
-2.6000e+02 0.0000e+00 -8.0786e+01 -2.2000e+02 0.0000e+00 -8.1256e+01 -1.8000e+02 0.0000e+00 -8.1620e+01 -1.4000e+02 0.0000e+00 -8.1869e+01 -3.9595e-05
-2.6000e+02 0.0000e+00 -8.0786e+01 -2.2000e+02 0.0000e+00 -8.1256e+01 -1.4000e+02 0.0000e+00 -8.1869e+01 -1.0000e+02 0.0000e+00 -8.2085e+01 -2.7987e-04
-2.6000e+02 0.0000e+00 -8.0786e+01 -2.2000e+02 0.0000e+00 -8.1256e+01 -1.0000e+02 0.0000e+00 -8.2085e+01 -6.0000e+01 0.0000e+00 -8.2266e+01 -1.7767e-04
-2.6000e+02 0.0000e+00 -8.0786e+01 -2.2000e+02 0.0000e+00 -8.1256e+01 -6.0000e+01 0.0000e+00 -8.2266e+01 -2.0000e+01 0.0000e+00 -8.2405e+01 -7.1232e-05
-2.6000e+02 0.0000e+00 -8.0786e+01 -2.2000e+02 0.0000e+00 -8.1256e+01 -2.0000e+01 0.0000e+00 -8.2405e+01 2.0000e+01 0.0000e+00 -8.2405e+01 -2.3351e-05
-2.6000e+02 0.0000e+00 -8.0786e+01 -2.2000e+02 0.0000e+00 -8.1256e+01 2.0000e+01 0.0000e+00 -8.2405e+01 6.0000e+01 0.0000e+00 -8.2266e+01 -6.5443e-06
-2.6000e+02 0.0000e+00 -8.0786e+01 -2.2000e+02 0.0000e+00 -8.1256e+01 6.0000e+01 0.0000e+00 -8.2266e+01 1.0000e+02 0.0000e+00 -8.2085e+01 -7.3145e-07
-2.6000e+02 0.0000e+00 -8.0786e+01 -2.2000e+02 0.0000e+00 -8.1256e+01 1.0000e+02 0.0000e+00 -8.2085e+01 1.4000e+02 0.0000e+00 -8.1869e+01 7.2114e-07
-2.6000e+02 0.0000e+00 -8.0786e+01 -2.2000e+02 0.0000e+00 -8.1256e+01 1.4000e+02 0.0000e+00 -8.1869e+01 1.8000e+02 0.0000e+00 -8.1620e+01 8.0403e-07
-2.6000e+02 0.0000e+00 -8.0786e+01 -2.2000e+02 0.0000e+00 -8.1256e+01 1.8000e+02 0.0000e+00 -8.1620e+01 2.2000e+02 0.0000e+00 -8.1256e+01 7.5290e-07
-2.6000e+02 0.0000e+00 -8.0786e+01 -2.2000e+02 0.0000e+00 -8.1256e+01 2.2000e+02 0.0000e+00 -8.1256e+01 2.6000e+02 0.0000e+00 -8.0786e+01 7.3059e-07
-2.6000e+02 0.0000e+00 -8.0786e+01 -2.2000e+02 0.0000e+00 -8.1256e+01 2.6000e+02 0.0000e+00 -8.0786e+01 3.0000e+02 0.0000e+00 -8.0209e+01 7.0977e-07
-2.2000e+02 0.0000e+00 -8.1256e+01 -1.8000e+02 0.0000e+00 -8.1620e+01 -3.0000e+02 0.0000e+00 -8.0209e+01 -2.6000e+02 0.0000e+00 -8.0786e+01 1.0083e-04
-2.2000e+02 0.0000e+00 -8.1256e+01 -1.8000e+02 0.0000e+00 -8.1620e+01 -2.6000e+02 0.0000e+00 -8.0786e+01 -1.4000e+02 0.0000e+00 -8.1869e+01 8.9619e-04
-2.2000e+02 0.0000e+00 -8.1256e+01 -1.8000e+02 0.0000e+00 -8.1620e+01 -1.4000e+02 0.0000e+00 -8.1869e+01 -1.0000e+02 0.0000e+00 -8.2085e+01 -4.7789e-04
-2.2000e+02 0.0000e+00 -8.1256e+01 -1.8000e+02 0.0000e+00 -8.1620e+01 -1.0000e+02 0.0000e+00 -8.2085e+01 -6.0000e+01 0.0000e+00 -8.2266e+01 -3.3229e-04
-2.2000e+02 0.0000e+00 -8.1256e+01 -1.8000e+02 0.0000e+00 -8.1620e+01 -6.0000e+01 0.0000e+00 -8.2266e+01 -2.0000e+01 0.0000e+00 -8.2405e+01 -1.6695e-04
-2.2000e+02 0.0000e+00 -8.1256e+01 -1.8000e+02 0.0000e+00 -8.1620e+01 -2.0000e+01 0.0000e+00 -8.2405e+01 2.0000e+01 0.0000e+00 -8.2405e+01 -6.9154e-05
-2.2000e+02 0.0000e+00 -8.1256e+01 -1.8000e+02 0.0000e+00 -8.1620e+01 2.0000e+01 0.0000e+00 -8.2405e+01 6.0000e+01 0.0000e+00 -8.2266e+01 -3.0199e-05
-2.2000e+02 0.0000e+00 -8.1256e+01 -1.8000e+02 0.0000e+00 -8.1620e+01 6.0000e+01 0.0000e+00 -8.2266e+01 1.0000e+02 0.0000e+00 -8.2085e+01 -1.4641e-05
-2.2000e+02 0.0000e+00 -8.1256e+01 -1.8000e+02 0.0000e+00 -8.1620e+01 1.0000e+02 0.0000e+00 -8.2085e+01 1.4000e+02 0.0000e+00 -8.1869e+01 -9.3379e-06
-2.2000e+02 0.0000e+00 -8.1256e+01 -1.8000e+02 0.0000e+00 -8.1620e+01 1.4000e+02 0.0000e+00 -8.1869e+01 1.8000e+02 0.0000e+00 -8.1620e+01 -5.6250e-06
-2.2000e+02 0.0000e+00 -8.1256e+01 -1.8000e+02 0.0000e+00 -8.1620e+01 1.8000e+02 0.0000e+00 -8.1620e+01 2.2000e+02 0.0000e+00 -8.1256e+01 -3.0698e-06
-2.2000e+02 0.0000e+00 -8.1256e+01 -1.8000e+02 0.0000e+00 -8.1620e+01 2.2000e+02 0.0000e+00 -8.1256e+01 2.6000e+02 0.0000e+00 -8.0786e+01 -1.7327e-06
-2.2000e+02 0.0000e+00 -8.1256e+01 -1.8000e+02 0.0000e+00 -8.1620e+01 2.6000e+02 0.0000e+00 -8.0786e+01 3.0000e+02 0.0000e+00 -8.0209e+01 -1.0371e-06
-1.8000e+02 0.0000e+00 -8.1620e+01 -1.4000e+02 0.0000e+00 -8.1869e+01 -3.0000e+02 0.0000e+00 -8.0209e+01 -2.6000e+02 0.0000e+00 -8.0786e+01 -4.6297e-05
-1.8000e+02 0.0000e+00 -8.1620e+01 -1.4000e+02 0.0000e+00 -8.1869e+01 -2.6000e+02 0.0000e+00 -8.0786e+01 -2.2000e+02 0.0000e+00 -8.1256e+01 -4.0517e-05
-1.8000e+02 0.0000e+00 -8.1620e+01 -1.4000e+02 0.0000e+00 -8.1869e+01 -2.2000e+02 0.0000e+00 -8.1256e+01 -1.0000e+02 0.0000e+00 -8.2085e+01 1.4074e-03
-1.8000e+02 0.0000e+00 -8.1620e+01 -1.4000e+02 0.0000e+00 -8.1869e+01 -1.0000e+02 0.0000e+00 -8.2085e+01 -6.0000e+01 0.0000e+00 -8.2266e+01 -4.0288e-04
-1.8000e+02 0.0000e+00 -8.1620e+01 -1.4000e+02 0.0000e+00 -8.1869e+01 -6.0000e+01 0.0000e+00 -8.2266e+01 -2.0000e+01 0.0000e+00 -8.2405e+01 -3.3918e-04
-1.8000e+02 0.0000e+00 -8.1620e+01 -1.4000e+02 0.0000e+00 -8.1869e+01 -2.0000e+01 0.0000e+00 -8.2405e+01 2.0000e+01 0.0000e+00 -8.2405e+01 -1.7304e-04
-1.8000e+02 0.0000e+00 -8.1620e+01 -1.4000e+02 0.0000e+00 -8.1869e+01 2.0000e+01 0.0000e+00 -8.2405e+01 6.0000e+01 0.0000e+00 -8.2266e+01 -8.8744e-05
-1.8000e+02 0.0000e+00 -8.1620e+01 -1.4000e+02 0.0000e+00 -8.1869e+01 6.0000e+01 0.0000e+00 -8.2266e+01 1.0000e+02 0.0000e+00 -8.2085e+01 -5.1990e-05
-1.8000e+02 0.0000e+00 -8.1620e+01 -1.4000e+02 0.0000e+00 -8.1869e+01 1.0000e+02 0.0000e+00 -8.2085e+01 1.4000e+02 0.0000e+00 -8.1869e+01 -3.8093e-05
-1.8000e+02 0.0000e+00 -8.1620e+01 -1.4000e+02 0.0000e+00 -8.1869e+01 1.4000e+02 0.0000e+00 -8.1869e+01 1.8000e+02 0.0000e+00 -8.1620e+01 -2.4349e-05
-1.8000e+02 0.0000e+00 -8.1620e+01 -1.4000e+02 0.0000e+00 -8.1869e+01 1.8000e+02 0.0000e+00 -8.1620e+01 2.2000e+02 0.0000e+00 -8.1256e+01 -1.4601e-05
-1.8000e+02 0.0000e+00 -8.1620e+01 -1.4000e+02 0.0000e+00 -8.1869e+01 2.2000e+02 0.0000e+00 -8.1256e+01 2.6000e+02 0.0000e+00 -8.0786e+01 -9.2910e-06
-1.8000e+02 0.0000e+00 -8.1620e+01 -1.4000e+02 0.0000e+00 -8.1869e+01 2.6000e+02 0.0000e+00 -8.0786e+01 3.0000e+02 0.0000e+00 -8.0209e+01 -6.6798e-06
-1.4000e+02 0.0000e+00 -8.1869e+01 -1.0000e+02 0.0000e+00 -8.2085e+01 -3.0000e+02 0.0000e+00 -8.0209e+01 -2.6000e+02 0.0000e+00 -8.0786e+01 -1.4909e-04
-1.4000e+02 0.0000e+00 -8.1869e+01 -1.0000e+02 0.0000e+00 -8.2085e+01 -2.6000e+02 0.0000e+00 -8.0786e+01 -2.2000e+02 0.0000e+00 -8.1256e+01 -2.8375e-04
-1.4000e+02 0.0000e+00 -8.1869e+01 -1.0000e+02 0.0000e+00 -8.2085e+01 -2.2000e+02 0.0000e+00 -8.1256e+01 -1.8000e+02 0.0000e+00 -8.1620e+01 -4.7627e-04
-1.4000e+02 0.0000e+00 -8.1869e+01 -1.0000e+02 0.0000e+00 -8.2085e+01 -1.8000e+02 0.0000e+00 -8.1620e+01 -6.0000e+01 0.0000e+00 -8.2266e+01 2.4017e-03
-1.4000e+02 0.0000e+00 -8.1869e+01 -1.0000e+02 0.0000e+00 -8.2085e+01 -6.0000e+01 0.0000e+00 -8.2266e+01 -2.0000e+01 0.0000e+00 -8.2405e+01 -4.8962e-04
-1.4000e+02 0.0000e+00 -8.1869e+01 -1.0000e+02 0.0000e+00 -8.2085e+01 -2.0000e+01 0.0000e+00 -8.2405e+01 2.0000e+01 0.0000e+00 -8.2405e+01 -2.8358e-04
-1.4000e+02 0.0000e+00 -8.1869e+01 -1.0000e+02 0.0000e+00 -8.2085e+01 2.0000e+01 0.0000e+00 -8.2405e+01 6.0000e+01 0.0000e+00 -8.2266e+01 -1.4666e-04
-1.4000e+02 0.0000e+00 -8.1869e+01 -1.0000e+02 0.0000e+00 -8.2085e+01 6.0000e+01 0.0000e+00 -8.2266e+01 1.0000e+02 0.0000e+00 -8.2085e+01 -8.8733e-05
-1.4000e+02 0.0000e+00 -8.1869e+01 -1.0000e+02 0.0000e+00 -8.2085e+01 1.0000e+02 0.0000e+00 -8.2085e+01 1.4000e+02 0.0000e+00 -8.1869e+01 -6.1870e-05
-1.4000e+02 0.0000e+00 -8.1869e+01 -1.0000e+02 0.0000e+00 -8.2085e+01 1.4000e+02 0.0000e+00 -8.1869e+01 1.8000e+02 0.0000e+00 -8.1620e+01 -3.9873e-05
-1.4000e+02 0.0000e+00 -8.1869e+01 -1.0000e+02 0.0000e+00 -8.2085e+01 1.8000e+02 0.0000e+00 -8.1620e+01 2.2000e+02 0.0000e+00 -8.1256e+01 -2.3992e-05
-1.4000e+02 0.0000e+00 -8.1869e+01 -1.0000e+02 0.0000e+00 -8.2085e+01 2.2000e+02 0.0000e+00 -8.1256e+01 2.6000e+02 0.0000e+00 -8.0786e+01 -1.5924e-05
-1.4000e+02 0.0000e+00 -8.1869e+01 -1.0000e+02 0.0000e+00 -8.2085e+01 2.6000e+02 0.0000e+00 -8.0786e+01 3.0000e+02 0.0000e+00 -8.0209e+01 -1.1244e-05
-1.0000e+02 0.0000e+00 -8.2085e+01 -6.0000e+01 0.0000e+00 -8.2266e+01 -3.0000e+02 0.0000e+00 -8.0209e+01 -2.6000e+02 0.0000e+00 -8.0786e+01 -8.9761e-05
-1.0000e+02 0.0000e+00 -8.2085e+01 -6.0000e+01 0.0000e+00 -8.2266e+01 -2.6000e+02 0.0000e+00 -8.0786e+01 -2.2000e+02 0.0000e+00 -8.1256e+01 -1.7295e-04
-1.0000e+02 0.0000e+00 -8.2085e+01 -6.0000e+01 0.0000e+00 -8.2266e+01 -2.2000e+02 0.0000e+00 -8.1256e+01 -1.8000e+02 0.0000e+00 -8.1620e+01 -3.4504e-04
-1.0000e+02 0.0000e+00 -8.2085e+01 -6.0000e+01 0.0000e+00 -8.2266e+01 -1.8000e+02 0.0000e+00 -8.1620e+01 -1.4000e+02 0.0000e+00 -8.1869e+01 -3.9561e-04
-1.0000e+02 0.0000e+00 -8.2085e+01 -6.0000e+01 0.0000e+00 -8.2266e+01 -1.4000e+02 0.0000e+00 -8.1869e+01 -2.0000e+01 0.0000e+00 -8.2405e+01 1.3557e-03
-1.0000e+02 0.0000e+00 -8.2085e+01 -6.0000e+01 0.0000e+00 -8.2266e+01 -2.0000e+01 0.0000e+00 -8.2405e+01 2.0000e+01 0.0000e+00 -8.2405e+01 -4.2299e-05
-1.0000e+02 0.0000e+00 -8.2085e+01 -6.0000e+01 0.0000e+00 -8.2266e+01 2.0000e+01 0.0000e+00 -8.2405e+01 6.0000e+01 0.0000e+00 -8.2266e+01 -4.7511e-05
-1.0000e+02 0.0000e+00 -8.2085e+01 -6.0000e+01 0.0000e+00 -8.2266e+01 6.0000e+01 0.0000e+00 -8.2266e+01 1.0000e+02 0.0000e+00 -8.2085e+01 -3.6028e-05
-1.0000e+02 0.0000e+00 -8.2085e+01 -6.0000e+01 0.0000e+00 -8.2266e+01 1.0000e+02 0.0000e+00 -8.2085e+01 1.4000e+02 0.0000e+00 -8.1869e+01 -2.9197e-05
-1.0000e+02 0.0000e+00 -8.2085e+01 -6.0000e+01 0.0000e+00 -8.2266e+01 1.4000e+02 0.0000e+00 -8.1869e+01 1.8000e+02 0.0000e+00 -8.1620e+01 -1.8407e-05
-1.0000e+02 0.0000e+00 -8.2085e+01 -6.0000e+01 0.0000e+00 -8.2266e+01 1.8000e+02 0.0000e+00 -8.1620e+01 2.2000e+02 0.0000e+00 -8.1256e+01 -1.1242e-05
-1.0000e+02 0.0000e+00 -8.2085e+01 -6.0000e+01 0.0000e+00 -8.2266e+01 2.2000e+02 0.0000e+00 -8.1256e+01 2.6000e+02 0.0000e+00 -8.0786e+01 -7.5603e-06
-1.0000e+02 0.0000e+00 -8.2085e+01 -6.0000e+01 0.0000e+00 -8.2266e+01 2.6000e+02 0.0000e+00 -8.0786e+01 3.0000e+02 0.0000e+00 -8.0209e+01 -5.2971e-06
-6.0000e+01 0.0000e+00 -8.2266e+01 -2.0000e+01 0.0000e+00 -8.2405e+01 -3.0000e+02 0.0000e+00 -8.0209e+01 -2.6000e+02 0.0000e+00 -8.0786e+01 -3.1843e-05
-6.0000e+01 0.0000e+00 -8.2266e+01 -2.0000e+01 0.0000e+00 -8.2405e+01 -2.6000e+02 0.0000e+00 -8.0786e+01 -2.2000e+02 0.0000e+00 -8.1256e+01 -7.1374e-05
-6.0000e+01 0.0000e+00 -8.2266e+01 -2.0000e+01 0.0000e+00 -8.2405e+01 -2.2000e+02 0.0000e+00 -8.1256e+01 -1.8000e+02 0.0000e+00 -8.1620e+01 -1.6279e-04
-6.0000e+01 0.0000e+00 -8.2266e+01 -2.0000e+01 0.0000e+00 -8.2405e+01 -1.8000e+02 0.0000e+00 -8.1620e+01 -1.4000e+02 0.0000e+00 -8.1869e+01 -3.3992e-04
-6.0000e+01 0.0000e+00 -8.2266e+01 -2.0000e+01 0.0000e+00 -8.2405e+01 -1.4000e+02 0.0000e+00 -8.1869e+01 -1.0000e+02 0.0000e+00 -8.2085e+01 -4.9030e-04
-6.0000e+01 0.0000e+00 -8.2266e+01 -2.0000e+01 0.0000e+00 -8.2405e+01 -1.0000e+02 0.0000e+00 -8.2085e+01 2.0000e+01 0.0000e+00 -8.2405e+01 8.9746e-04
-6.0000e+01 0.0000e+00 -8.2266e+01 -2.0000e+01 0.0000e+00 -8.2405e+01 2.0000e+01 0.0000e+00 -8.2405e+01 6.0000e+01 0.0000e+00 -8.2266e+01 9.7106e-05
-6.0000e+01 0.0000e+00 -8.2266e+01 -2.0000e+01 0.0000e+00 -8.2405e+01 6.0000e+01 0.0000e+00 -8.2266e+01 1.0000e+02 0.0000e+00 -8.2085e+01 4.7221e-05
-6.0000e+01 0.0000e+00 -8.2266e+01 -2.0000e+01 0.0000e+00 -8.2405e+01 1.0000e+02 0.0000e+00 -8.2085e+01 1.4000e+02 0.0000e+00 -8.1869e+01 2.9984e-05
-6.0000e+01 0.0000e+00 -8.2266e+01 -2.0000e+01 0.0000e+00 -8.2405e+01 1.4000e+02 0.0000e+00 -8.1869e+01 1.8000e+02 0.0000e+00 -8.1620e+01 1.8089e-05
-6.0000e+01 0.0000e+00 -8.2266e+01 -2.0000e+01 0.0000e+00 -8.2405e+01 1.8000e+02 0.0000e+00 -8.1620e+01 2.2000e+02 0.0000e+00 -8.1256e+01 1.0326e-05
-6.0000e+01 0.0000e+00 -8.2266e+01 -2.0000e+01 0.0000e+00 -8.2405e+01 2.2000e+02 0.0000e+00 -8.1256e+01 2.6000e+02 0.0000e+00 -8.0786e+01 6.1395e-06
-6.0000e+01 0.0000e+00 -8.2266e+01 -2.0000e+01 0.0000e+00 -8.2405e+01 2.6000e+02 0.0000e+00 -8.0786e+01 3.0000e+02 0.0000e+00 -8.0209e+01 3.9634e-06
-2.0000e+01 0.0000e+00 -8.2405e+01 2.0000e+01 0.0000e+00 -8.2405e+01 -3.0000e+02 0.0000e+00 -8.0209e+01 -2.6000e+02 0.0000e+00 -8.0786e+01 -7.0925e-06
-2.0000e+01 0.0000e+00 -8.2405e+01 2.0000e+01 0.0000e+00 -8.2405e+01 -2.6000e+02 0.0000e+00 -8.0786e+01 -2.2000e+02 0.0000e+00 -8.1256e+01 -2.3200e-05
-2.0000e+01 0.0000e+00 -8.2405e+01 2.0000e+01 0.0000e+00 -8.2405e+01 -2.2000e+02 0.0000e+00 -8.1256e+01 -1.8000e+02 0.0000e+00 -8.1620e+01 -6.7182e-05
-2.0000e+01 0.0000e+00 -8.2405e+01 2.0000e+01 0.0000e+00 -8.2405e+01 -1.8000e+02 0.0000e+00 -8.1620e+01 -1.4000e+02 0.0000e+00 -8.1869e+01 -1.7483e-04
-2.0000e+01 0.0000e+00 -8.2405e+01 2.0000e+01 0.0000e+00 -8.2405e+01 -1.4000e+02 0.0000e+00 -8.1869e+01 -1.0000e+02 0.0000e+00 -8.2085e+01 -2.7744e-04
-2.0000e+01 0.0000e+00 -8.2405e+01 2.0000e+01 0.0000e+00 -8.2405e+01 -1.0000e+02 0.0000e+00 -8.2085e+01 -6.0000e+01 0.0000e+00 -8.2266e+01 -4.1817e-05
-2.0000e+01 0.0000e+00 -8.2405e+01 2.0000e+01 0.0000e+00 -8.2405e+01 -6.0000e+01 0.0000e+00 -8.2266e+01 6.0000e+01 0.0000e+00 -8.2266e+01 4.6373e-04
-2.0000e+01 0.0000e+00 -8.2405e+01 2.0000e+01 0.0000e+00 -8.2405e+01 6.0000e+01 0.0000e+00 -8.2266e+01 1.0000e+02 0.0000e+00 -8.2085e+01 4.1997e-05
-2.0000e+01 0.0000e+00 -8.2405e+01 2.0000e+01 0.0000e+00 -8.2405e+01 1.0000e+02 0.0000e+00 -8.2085e+01 1.4000e+02 0.0000e+00 -8.1869e+01 2.9394e-05
-2.0000e+01 0.0000e+00 -8.2405e+01 2.0000e+01 0.0000e+00 -8.2405e+01 1.4000e+02 0.0000e+00 -8.1869e+01 1.8000e+02 0.0000e+00 -8.1620e+01 1.7854e-05
-2.0000e+01 0.0000e+00 -8.2405e+01 2.0000e+01 0.0000e+00 -8.2405e+01 1.8000e+02 0.0000e+00 -8.1620e+01 2.2000e+02 0.0000e+00 -8.1256e+01 1.0360e-05
-2.0000e+01 0.0000e+00 -8.2405e+01 2.0000e+01 0.0000e+00 -8.2405e+01 2.2000e+02 0.0000e+00 -8.1256e+01 2.6000e+02 0.0000e+00 -8.0786e+01 6.4948e-06
-2.0000e+01 0.0000e+00 -8.2405e+01 2.0000e+01 0.0000e+00 -8.2405e+01 2.6000e+02 0.0000e+00 -8.0786e+01 3.0000e+02 0.0000e+00 -8.0209e+01 4.3390e-06
2.0000e+01 0.0000e+00 -8.2405e+01 6.0000e+01 0.0000e+00 -8.2266e+01 -3.0000e+02 0.0000e+00 -8.0209e+01 -2.6000e+02 0.0000e+00 -8.0786e+01 2.0016e-07
2.0000e+01 0.0000e+00 -8.2405e+01 6.0000e+01 0.0000e+00 -8.2266e+01 -2.6000e+02 0.0000e+00 -8.0786e+01 -2.2000e+02 0.0000e+00 -8.1256e+01 -6.5426e-06
2.0000e+01 0.0000e+00 -8.2405e+01 6.0000e+01 0.0000e+00 -8.2266e+01 -2.2000e+02 0.0000e+00 -8.1256e+01 -1.8000e+02 0.0000e+00 -8.1620e+01 -2.8978e-05
2.0000e+01 0.0000e+00 -8.2405e+01 6.0000e+01 0.0000e+00 -8.2266e+01 -1.8000e+02 0.0000e+00 -8.1620e+01 -1.4000e+02 0.0000e+00 -8.1869e+01 -8.7775e-05
2.0000e+01 0.0000e+00 -8.2405e+01 6.0000e+01 0.0000e+00 -8.2266e+01 -1.4000e+02 0.0000e+00 -8.1869e+01 -1.0000e+02 0.0000e+00 -8.2085e+01 -1.4225e-04
2.0000e+01 0.0000e+00 -8.2405e+01 6.0000e+01 0.0000e+00 -8.2266e+01 -1.0000e+02 0.0000e+00 -8.2085e+01 -6.0000e+01 0.0000e+00 -8.2266e+01 -4.6747e-05
2.0000e+01 0.0000e+00 -8.2405e+01 6.0000e+01 0.0000e+00 -8.2266e+01 -6.0000e+01 0.0000e+00 -8.2266e+01 -2.0000e+01 0.0000e+00 -8.2405e+01 9.7871e-05
2.0000e+01 0.0000e+00 -8.2405e+01 6.0000e+01 0.0000e+00 -8.2266e+01 -2.0000e+01 0.0000e+00 -8.2405e+01 1.0000e+02 0.0000e+00 -8.2085e+01 1.4180e-04
2.0000e+01 0.0000e+00 -8.2405e+01 6.0000e+01 0.0000e+00 -8.2266e+01 1.0000e+02 0.0000e+00 -8.2085e+01 1.4000e+02 0.0000e+00 -8.1869e+01 1.8038e-05
2.0000e+01 0.0000e+00 -8.2405e+01 6.0000e+01 0.0000e+00 -8.2266e+01 1.4000e+02 0.0000e+00 -8.1869e+01 1.8000e+02 0.0000e+00 -8.1620e+01 1.1994e-05
2.0000e+01 0.0000e+00 -8.2405e+01 6.0000e+01 0.0000e+00 -8.2266e+01 1.8000e+02 0.0000e+00 -8.1620e+01 2.2000e+02 0.0000e+00 -8.1256e+01 6.8056e-06
2.0000e+01 0.0000e+00 -8.2405e+01 6.0000e+01 0.0000e+00 -8.2266e+01 2.2000e+02 0.0000e+00 -8.1256e+01 2.6000e+02 0.0000e+00 -8.0786e+01 4.3980e-06
2.0000e+01 0.0000e+00 -8.2405e+01 6.0000e+01 0.0000e+00 -8.2266e+01 2.6000e+02 0.0000e+00 -8.0786e+01 3.0000e+02 0.0000e+00 -8.0209e+01 2.9783e-06
6.0000e+01 0.0000e+00 -8.2266e+01 1.0000e+02 0.0000e+00 -8.2085e+01 -3.0000e+02 0.0000e+00 -8.0209e+01 -2.6000e+02 0.0000e+00 -8.0786e+01 2.4999e-06
6.0000e+01 0.0000e+00 -8.2266e+01 1.0000e+02 0.0000e+00 -8.2085e+01 -2.6000e+02 0.0000e+00 -8.0786e+01 -2.2000e+02 0.0000e+00 -8.1256e+01 -7.2200e-07
6.0000e+01 0.0000e+00 -8.2266e+01 1.0000e+02 0.0000e+00 -8.2085e+01 -2.2000e+02 0.0000e+00 -8.1256e+01 -1.8000e+02 0.0000e+00 -8.1620e+01 -1.4293e-05
6.0000e+01 0.0000e+00 -8.2266e+01 1.0000e+02 0.0000e+00 -8.2085e+01 -1.8000e+02 0.0000e+00 -8.1620e+01 -1.4000e+02 0.0000e+00 -8.1869e+01 -5.2776e-05
6.0000e+01 0.0000e+00 -8.2266e+01 1.0000e+02 0.0000e+00 -8.2085e+01 -1.4000e+02 0.0000e+00 -8.1869e+01 -1.0000e+02 0.0000e+00 -8.2085e+01 -8.7939e-05
6.0000e+01 0.0000e+00 -8.2266e+01 1.0000e+02 0.0000e+00 -8.2085e+01 -1.0000e+02 0.0000e+00 -8.2085e+01 -6.0000e+01 0.0000e+00 -8.2266e+01 -3.6229e-05
6.0000e+01 0.0000e+00 -8.2266e+01 1.0000e+02 0.0000e+00 -8.2085e+01 -6.0000e+01 0.0000e+00 -8.2266e+01 -2.0000e+01 0.0000e+00 -8.2405e+01 4.9084e-05
6.0000e+01 0.0000e+00 -8.2266e+01 1.0000e+02 0.0000e+00 -8.2085e+01 -2.0000e+01 0.0000e+00 -8.2405e+01 2.0000e+01 0.0000e+00 -8.2405e+01 4.2922e-05
6.0000e+01 0.0000e+00 -8.2266e+01 1.0000e+02 0.0000e+00 -8.2085e+01 2.0000e+01 0.0000e+00 -8.2405e+01 1.4000e+02 0.0000e+00 -8.1869e+01 5.5292e-05
6.0000e+01 0.0000e+00 -8.2266e+01 1.0000e+02 0.0000e+00 -8.2085e+01 1.4000e+02 0.0000e+00 -8.1869e+01 1.8000e+02 0.0000e+00 -8.1620e+01 7.8106e-06
6.0000e+01 0.0000e+00 -8.2266e+01 1.0000e+02 0.0000e+00 -8.2085e+01 1.8000e+02 0.0000e+00 -8.1620e+01 2.2000e+02 0.0000e+00 -8.1256e+01 4.7045e-06
6.0000e+01 0.0000e+00 -8.2266e+01 1.0000e+02 0.0000e+00 -8.2085e+01 2.2000e+02 0.0000e+00 -8.1256e+01 2.6000e+02 0.0000e+00 -8.0786e+01 2.9852e-06
6.0000e+01 0.0000e+00 -8.2266e+01 1.0000e+02 0.0000e+00 -8.2085e+01 2.6000e+02 0.0000e+00 -8.0786e+01 3.0000e+02 0.0000e+00 -8.0209e+01 2.1294e-06
1.0000e+02 0.0000e+00 -8.2085e+01 1.4000e+02 0.0000e+00 -8.1869e+01 -3.0000e+02 0.0000e+00 -8.0209e+01 -2.6000e+02 0.0000e+00 -8.0786e+01 2.7714e-06
1.0000e+02 0.0000e+00 -8.2085e+01 1.4000e+02 0.0000e+00 -8.1869e+01 -2.6000e+02 0.0000e+00 -8.0786e+01 -2.2000e+02 0.0000e+00 -8.1256e+01 7.4378e-07
1.0000e+02 0.0000e+00 -8.2085e+01 1.4000e+02 0.0000e+00 -8.1869e+01 -2.2000e+02 0.0000e+00 -8.1256e+01 -1.8000e+02 0.0000e+00 -8.1620e+01 -9.0080e-06
1.0000e+02 0.0000e+00 -8.2085e+01 1.4000e+02 0.0000e+00 -8.1869e+01 -1.8000e+02 0.0000e+00 -8.1620e+01 -1.4000e+02 0.0000e+00 -8.1869e+01 -3.8640e-05
1.0000e+02 0.0000e+00 -8.2085e+01 1.4000e+02 0.0000e+00 -8.1869e+01 -1.4000e+02 0.0000e+00 -8.1869e+01 -1.0000e+02 0.0000e+00 -8.2085e+01 -6.1436e-05
1.0000e+02 0.0000e+00 -8.2085e+01 1.4000e+02 0.0000e+00 -8.1869e+01 -1.0000e+02 0.0000e+00 -8.2085e+01 -6.0000e+01 0.0000e+00 -8.2266e+01 -2.9266e-05
1.0000e+02 0.0000e+00 -8.2085e+01 1.4000e+02 0.0000e+00 -8.1869e+01 -6.0000e+01 0.0000e+00 -8.2266e+01 -2.0000e+01 0.0000e+00 -8.2405e+01 2.9939e-05
1.0000e+02 0.0000e+00 -8.2085e+01 1.4000e+02 0.0000e+00 -8.1869e+01 -2.0000e+01 0.0000e+00 -8.2405e+01 2.0000e+01 0.0000e+00 -8.2405e+01 2.9757e-05
1.0000e+02 0.0000e+00 -8.2085e+01 1.4000e+02 0.0000e+00 -8.1869e+01 2.0000e+01 0.0000e+00 -8.2405e+01 6.0000e+01 0.0000e+00 -8.2266e+01 1.8169e-05
1.0000e+02 0.0000e+00 -8.2085e+01 1.4000e+02 0.0000e+00 -8.1869e+01 6.0000e+01 0.0000e+00 -8.2266e+01 1.8000e+02 0.0000e+00 -8.1620e+01 2.7199e-05
1.0000e+02 0.0000e+00 -8.2085e+01 1.4000e+02 0.0000e+00 -8.1869e+01 1.8000e+02 0.0000e+00 -8.1620e+01 2.2000e+02 0.0000e+00 -8.1256e+01 3.5715e-06
1.0000e+02 0.0000e+00 -8.2085e+01 1.4000e+02 0.0000e+00 -8.1869e+01 2.2000e+02 0.0000e+00 -8.1256e+01 2.6000e+02 0.0000e+00 -8.0786e+01 2.3108e-06
1.0000e+02 0.0000e+00 -8.2085e+01 1.4000e+02 0.0000e+00 -8.1869e+01 2.6000e+02 0.0000e+00 -8.0786e+01 3.0000e+02 0.0000e+00 -8.0209e+01 1.6393e-06
1.4000e+02 0.0000e+00 -8.1869e+01 1.8000e+02 0.0000e+00 -8.1620e+01 -3.0000e+02 0.0000e+00 -8.0209e+01 -2.6000e+02 0.0000e+00 -8.0786e+01 2.0892e-06
1.4000e+02 0.0000e+00 -8.1869e+01 1.8000e+02 0.0000e+00 -8.1620e+01 -2.6000e+02 0.0000e+00 -8.0786e+01 -2.2000e+02 0.0000e+00 -8.1256e+01 7.9928e-07
1.4000e+02 0.0000e+00 -8.1869e+01 1.8000e+02 0.0000e+00 -8.1620e+01 -2.2000e+02 0.0000e+00 -8.1256e+01 -1.8000e+02 0.0000e+00 -8.1620e+01 -5.7781e-06
1.4000e+02 0.0000e+00 -8.1869e+01 1.8000e+02 0.0000e+00 -8.1620e+01 -1.8000e+02 0.0000e+00 -8.1620e+01 -1.4000e+02 0.0000e+00 -8.1869e+01 -2.5006e-05
1.4000e+02 0.0000e+00 -8.1869e+01 1.8000e+02 0.0000e+00 -8.1620e+01 -1.4000e+02 0.0000e+00 -8.1869e+01 -1.0000e+02 0.0000e+00 -8.2085e+01 -4.1324e-05
1.4000e+02 0.0000e+00 -8.1869e+01 1.8000e+02 0.0000e+00 -8.1620e+01 -1.0000e+02 0.0000e+00 -8.2085e+01 -6.0000e+01 0.0000e+00 -8.2266e+01 -1.8334e-05
1.4000e+02 0.0000e+00 -8.1869e+01 1.8000e+02 0.0000e+00 -8.1620e+01 -6.0000e+01 0.0000e+00 -8.2266e+01 -2.0000e+01 0.0000e+00 -8.2405e+01 1.8485e-05
1.4000e+02 0.0000e+00 -8.1869e+01 1.8000e+02 0.0000e+00 -8.1620e+01 -2.0000e+01 0.0000e+00 -8.2405e+01 2.0000e+01 0.0000e+00 -8.2405e+01 1.8058e-05
1.4000e+02 0.0000e+00 -8.1869e+01 1.8000e+02 0.0000e+00 -8.1620e+01 2.0000e+01 0.0000e+00 -8.2405e+01 6.0000e+01 0.0000e+00 -8.2266e+01 1.1885e-05
1.4000e+02 0.0000e+00 -8.1869e+01 1.8000e+02 0.0000e+00 -8.1620e+01 6.0000e+01 0.0000e+00 -8.2266e+01 1.0000e+02 0.0000e+00 -8.2085e+01 7.7668e-06
1.4000e+02 0.0000e+00 -8.1869e+01 1.8000e+02 0.0000e+00 -8.1620e+01 1.0000e+02 0.0000e+00 -8.2085e+01 2.2000e+02 0.0000e+00 -8.1256e+01 1.2476e-05
1.4000e+02 0.0000e+00 -8.1869e+01 1.8000e+02 0.0000e+00 -8.1620e+01 2.2000e+02 0.0000e+00 -8.1256e+01 2.6000e+02 0.0000e+00 -8.0786e+01 1.5310e-06
1.4000e+02 0.0000e+00 -8.1869e+01 1.8000e+02 0.0000e+00 -8.1620e+01 2.6000e+02 0.0000e+00 -8.0786e+01 3.0000e+02 0.0000e+00 -8.0209e+01 1.0518e-06
1.8000e+02 0.0000e+00 -8.1620e+01 2.2000e+02 0.0000e+00 -8.1256e+01 -3.0000e+02 0.0000e+00 -8.0209e+01 -2.6000e+02 0.0000e+00 -8.0786e+01 1.4382e-06
1.8000e+02 0.0000e+00 -8.1620e+01 2.2000e+02 0.0000e+00 -8.1256e+01 -2.6000e+02 0.0000e+00 -8.0786e+01 -2.2000e+02 0.0000e+00 -8.1256e+01 7.6429e-07
1.8000e+02 0.0000e+00 -8.1620e+01 2.2000e+02 0.0000e+00 -8.1256e+01 -2.2000e+02 0.0000e+00 -8.1256e+01 -1.8000e+02 0.0000e+00 -8.1620e+01 -3.0967e-06
1.8000e+02 0.0000e+00 -8.1620e+01 2.2000e+02 0.0000e+00 -8.1256e+01 -1.8000e+02 0.0000e+00 -8.1620e+01 -1.4000e+02 0.0000e+00 -8.1869e+01 -1.4730e-05
1.8000e+02 0.0000e+00 -8.1620e+01 2.2000e+02 0.0000e+00 -8.1256e+01 -1.4000e+02 0.0000e+00 -8.1869e+01 -1.0000e+02 0.0000e+00 -8.2085e+01 -2.3638e-05
1.8000e+02 0.0000e+00 -8.1620e+01 2.2000e+02 0.0000e+00 -8.1256e+01 -1.0000e+02 0.0000e+00 -8.2085e+01 -6.0000e+01 0.0000e+00 -8.2266e+01 -1.1311e-05
1.8000e+02 0.0000e+00 -8.1620e+01 2.2000e+02 0.0000e+00 -8.1256e+01 -6.0000e+01 0.0000e+00 -8.2266e+01 -2.0000e+01 0.0000e+00 -8.2405e+01 1.0451e-05
1.8000e+02 0.0000e+00 -8.1620e+01 2.2000e+02 0.0000e+00 -8.1256e+01 -2.0000e+01 0.0000e+00 -8.2405e+01 2.0000e+01 0.0000e+00 -8.2405e+01 1.0438e-05
1.8000e+02 0.0000e+00 -8.1620e+01 2.2000e+02 0.0000e+00 -8.1256e+01 2.0000e+01 0.0000e+00 -8.2405e+01 6.0000e+01 0.0000e+00 -8.2266e+01 6.7247e-06
1.8000e+02 0.0000e+00 -8.1620e+01 2.2000e+02 0.0000e+00 -8.1256e+01 6.0000e+01 0.0000e+00 -8.2266e+01 1.0000e+02 0.0000e+00 -8.2085e+01 4.7237e-06
1.8000e+02 0.0000e+00 -8.1620e+01 2.2000e+02 0.0000e+00 -8.1256e+01 1.0000e+02 0.0000e+00 -8.2085e+01 1.4000e+02 0.0000e+00 -8.1869e+01 3.5964e-06
1.8000e+02 0.0000e+00 -8.1620e+01 2.2000e+02 0.0000e+00 -8.1256e+01 1.4000e+02 0.0000e+00 -8.1869e+01 2.6000e+02 0.0000e+00 -8.0786e+01 4.5144e-06
1.8000e+02 0.0000e+00 -8.1620e+01 2.2000e+02 0.0000e+00 -8.1256e+01 2.6000e+02 0.0000e+00 -8.0786e+01 3.0000e+02 0.0000e+00 -8.0209e+01 6.5425e-07
2.2000e+02 0.0000e+00 -8.1256e+01 2.6000e+02 0.0000e+00 -8.0786e+01 -3.0000e+02 0.0000e+00 -8.0209e+01 -2.6000e+02 0.0000e+00 -8.0786e+01 1.1351e-06
2.2000e+02 0.0000e+00 -8.1256e+01 2.6000e+02 0.0000e+00 -8.0786e+01 -2.6000e+02 0.0000e+00 -8.0786e+01 -2.2000e+02 0.0000e+00 -8.1256e+01 7.6140e-07
2.2000e+02 0.0000e+00 -8.1256e+01 2.6000e+02 0.0000e+00 -8.0786e+01 -2.2000e+02 0.0000e+00 -8.1256e+01 -1.8000e+02 0.0000e+00 -8.1620e+01 -1.7292e-06
2.2000e+02 0.0000e+00 -8.1256e+01 2.6000e+02 0.0000e+00 -8.0786e+01 -1.8000e+02 0.0000e+00 -8.1620e+01 -1.4000e+02 0.0000e+00 -8.1869e+01 -9.5317e-06
2.2000e+02 0.0000e+00 -8.1256e+01 2.6000e+02 0.0000e+00 -8.0786e+01 -1.4000e+02 0.0000e+00 -8.1869e+01 -1.0000e+02 0.0000e+00 -8.2085e+01 -1.5349e-05
2.2000e+02 0.0000e+00 -8.1256e+01 2.6000e+02 0.0000e+00 -8.0786e+01 -1.0000e+02 0.0000e+00 -8.2085e+01 -6.0000e+01 0.0000e+00 -8.2266e+01 -7.3613e-06
2.2000e+02 0.0000e+00 -8.1256e+01 2.6000e+02 0.0000e+00 -8.0786e+01 -6.0000e+01 0.0000e+00 -8.2266e+01 -2.0000e+01 0.0000e+00 -8.2405e+01 6.1735e-06
2.2000e+02 0.0000e+00 -8.1256e+01 2.6000e+02 0.0000e+00 -8.0786e+01 -2.0000e+01 0.0000e+00 -8.2405e+01 2.0000e+01 0.0000e+00 -8.2405e+01 6.5718e-06
2.2000e+02 0.0000e+00 -8.1256e+01 2.6000e+02 0.0000e+00 -8.0786e+01 2.0000e+01 0.0000e+00 -8.2405e+01 6.0000e+01 0.0000e+00 -8.2266e+01 4.2057e-06
2.2000e+02 0.0000e+00 -8.1256e+01 2.6000e+02 0.0000e+00 -8.0786e+01 6.0000e+01 0.0000e+00 -8.2266e+01 1.0000e+02 0.0000e+00 -8.2085e+01 3.0438e-06
2.2000e+02 0.0000e+00 -8.1256e+01 2.6000e+02 0.0000e+00 -8.0786e+01 1.0000e+02 0.0000e+00 -8.2085e+01 1.4000e+02 0.0000e+00 -8.1869e+01 2.2851e-06
2.2000e+02 0.0000e+00 -8.1256e+01 2.6000e+02 0.0000e+00 -8.0786e+01 1.4000e+02 0.0000e+00 -8.1869e+01 1.8000e+02 0.0000e+00 -8.1620e+01 1.5095e-06
2.2000e+02 0.0000e+00 -8.1256e+01 2.6000e+02 0.0000e+00 -8.0786e+01 1.8000e+02 0.0000e+00 -8.1620e+01 3.0000e+02 0.0000e+00 -8.0209e+01 1.9279e-06
2.6000e+02 0.0000e+00 -8.0786e+01 3.0000e+02 0.0000e+00 -8.0209e+01 -3.0000e+02 0.0000e+00 -8.0209e+01 -2.6000e+02 0.0000e+00 -8.0786e+01 9.0354e-07
2.6000e+02 0.0000e+00 -8.0786e+01 3.0000e+02 0.0000e+00 -8.0209e+01 -2.6000e+02 0.0000e+00 -8.0786e+01 -2.2000e+02 0.0000e+00 -8.1256e+01 7.2550e-07
2.6000e+02 0.0000e+00 -8.0786e+01 3.0000e+02 0.0000e+00 -8.0209e+01 -2.2000e+02 0.0000e+00 -8.1256e+01 -1.8000e+02 0.0000e+00 -8.1620e+01 -1.0117e-06
2.6000e+02 0.0000e+00 -8.0786e+01 3.0000e+02 0.0000e+00 -8.0209e+01 -1.8000e+02 0.0000e+00 -8.1620e+01 -1.4000e+02 0.0000e+00 -8.1869e+01 -6.8433e-06
2.6000e+02 0.0000e+00 -8.0786e+01 3.0000e+02 0.0000e+00 -8.0209e+01 -1.4000e+02 0.0000e+00 -8.1869e+01 -1.0000e+02 0.0000e+00 -8.2085e+01 -1.0952e-05
2.6000e+02 0.0000e+00 -8.0786e+01 3.0000e+02 0.0000e+00 -8.0209e+01 -1.0000e+02 0.0000e+00 -8.2085e+01 -6.0000e+01 0.0000e+00 -8.2266e+01 -5.5403e-06
2.6000e+02 0.0000e+00 -8.0786e+01 3.0000e+02 0.0000e+00 -8.0209e+01 -6.0000e+01 0.0000e+00 -8.2266e+01 -2.0000e+01 0.0000e+00 -8.2405e+01 3.9508e-06
2.6000e+02 0.0000e+00 -8.0786e+01 3.0000e+02 0.0000e+00 -8.0209e+01 -2.0000e+01 0.0000e+00 -8.2405e+01 2.0000e+01 0.0000e+00 -8.2405e+01 4.4192e-06
2.6000e+02 0.0000e+00 -8.0786e+01 3.0000e+02 0.0000e+00 -8.0209e+01 2.0000e+01 0.0000e+00 -8.2405e+01 6.0000e+01 0.0000e+00 -8.2266e+01 2.9302e-06
2.6000e+02 0.0000e+00 -8.0786e+01 3.0000e+02 0.0000e+00 -8.0209e+01 6.0000e+01 0.0000e+00 -8.2266e+01 1.0000e+02 0.0000e+00 -8.2085e+01 2.1021e-06
2.6000e+02 0.0000e+00 -8.0786e+01 3.0000e+02 0.0000e+00 -8.0209e+01 1.0000e+02 0.0000e+00 -8.2085e+01 1.4000e+02 0.0000e+00 -8.1869e+01 1.6280e-06
2.6000e+02 0.0000e+00 -8.0786e+01 3.0000e+02 0.0000e+00 -8.0209e+01 1.4000e+02 0.0000e+00 -8.1869e+01 1.8000e+02 0.0000e+00 -8.1620e+01 1.0605e-06
2.6000e+02 0.0000e+00 -8.0786e+01 3.0000e+02 0.0000e+00 -8.0209e+01 1.8000e+02 0.0000e+00 -8.1620e+01 2.2000e+02 0.0000e+00 -8.1256e+01 6.3557e-07
