-8.0000e+01 -8.0000e+01 7.9700e+00 1.8304e+00
-7.0000e+01 -8.0000e+01 7.4338e+00 1.6128e+00
-6.0000e+01 -8.0000e+01 6.8558e+00 1.8218e+00
-5.0000e+01 -8.0000e+01 6.2662e+00 1.3960e+00
-4.0000e+01 -8.0000e+01 5.7024e+00 1.5695e+00
-3.0000e+01 -8.0000e+01 5.2057e+00 1.5802e+00
-2.0000e+01 -8.0000e+01 4.8161e+00 1.6076e+00
-1.0000e+01 -8.0000e+01 4.5674e+00 1.5776e+00
0.0000e+00 -8.0000e+01 4.4818e+00 1.6324e+00
1.0000e+01 -8.0000e+01 4.5674e+00 1.7056e+00
2.0000e+01 -8.0000e+01 4.8161e+00 1.2833e+00
3.0000e+01 -8.0000e+01 5.2057e+00 1.4078e+00
4.0000e+01 -8.0000e+01 5.7024e+00 1.6916e+00
5.0000e+01 -8.0000e+01 6.2662e+00 1.3324e+00
6.0000e+01 -8.0000e+01 6.8558e+00 1.5958e+00
7.0000e+01 -8.0000e+01 7.4338e+00 1.3993e+00
8.0000e+01 -8.0000e+01 7.9700e+00 1.5219e+00
-8.0000e+01 -7.0000e+01 7.4338e+00 1.6012e+00
-7.0000e+01 -7.0000e+01 6.7560e+00 1.7039e+00
-6.0000e+01 -7.0000e+01 6.0254e+00 1.3388e+00
-5.0000e+01 -7.0000e+01 5.2800e+00 1.2092e+00
-4.0000e+01 -7.0000e+01 4.5674e+00 1.3492e+00
-3.0000e+01 -7.0000e+01 3.9395e+00 1.6164e+00
-2.0000e+01 -7.0000e+01 3.4470e+00 1.7744e+00
-1.0000e+01 -7.0000e+01 3.1325e+00 1.4607e+00
0.0000e+00 -7.0000e+01 3.0244e+00 1.8131e+00
1.0000e+01 -7.0000e+01 3.1325e+00 1.5371e+00
2.0000e+01 -7.0000e+01 3.4470e+00 1.8360e+00
3.0000e+01 -7.0000e+01 3.9395e+00 1.4964e+00
4.0000e+01 -7.0000e+01 4.5674e+00 1.6402e+00
5.0000e+01 -7.0000e+01 5.2800e+00 1.3960e+00
6.0000e+01 -7.0000e+01 6.0254e+00 1.5624e+00
7.0000e+01 -7.0000e+01 6.7560e+00 1.4033e+00
8.0000e+01 -7.0000e+01 7.4338e+00 1.5346e+00
-8.0000e+01 -6.0000e+01 6.8558e+00 1.6631e+00
-7.0000e+01 -6.0000e+01 6.0254e+00 1.3074e+00
-6.0000e+01 -6.0000e+01 5.1302e+00 1.6057e+00
-5.0000e+01 -6.0000e+01 4.2170e+00 1.5746e+00
-4.0000e+01 -6.0000e+01 3.3438e+00 1.6977e+00
-3.0000e+01 -6.0000e+01 2.5745e+00 1.9596e+00
-2.0000e+01 -6.0000e+01 1.9711e+00 1.7520e+00
-1.0000e+01 -6.0000e+01 1.5858e+00 1.7268e+00
0.0000e+00 -6.0000e+01 1.4533e+00 1.8009e+00
1.0000e+01 -6.0000e+01 1.5858e+00 1.7297e+00
2.0000e+01 -6.0000e+01 1.9711e+00 1.6371e+00
3.0000e+01 -6.0000e+01 2.5745e+00 1.6023e+00
4.0000e+01 -6.0000e+01 3.3438e+00 1.6720e+00
5.0000e+01 -6.0000e+01 4.2170e+00 1.5939e+00
6.0000e+01 -6.0000e+01 5.1302e+00 1.4111e+00
7.0000e+01 -6.0000e+01 6.0254e+00 1.3871e+00
8.0000e+01 -6.0000e+01 6.8558e+00 1.3023e+00
-8.0000e+01 -5.0000e+01 6.2662e+00 1.2801e+00
-7.0000e+01 -5.0000e+01 5.2800e+00 1.2331e+00
-6.0000e+01 -5.0000e+01 4.2170e+00 1.7152e+00
-5.0000e+01 -5.0000e+01 3.1325e+00 1.7703e+00
-4.0000e+01 -5.0000e+01 2.0956e+00 1.7757e+00
-3.0000e+01 -5.0000e+01 1.1820e+00 1.7817e+00
-2.0000e+01 -5.0000e+01 4.6542e-01 1.8261e+00
-1.0000e+01 -5.0000e+01 7.8458e-03 2.0688e+00
0.0000e+00 -5.0000e+01 -1.4951e-01 2.1934e+00
1.0000e+01 -5.0000e+01 7.8458e-03 2.0604e+00
2.0000e+01 -5.0000e+01 4.6542e-01 1.5808e+00
3.0000e+01 -5.0000e+01 1.1820e+00 1.8345e+00
4.0000e+01 -5.0000e+01 2.0956e+00 1.6139e+00
5.0000e+01 -5.0000e+01 3.1325e+00 1.7735e+00
6.0000e+01 -5.0000e+01 4.2170e+00 1.7577e+00
7.0000e+01 -5.0000e+01 5.2800e+00 1.6458e+00
8.0000e+01 -5.0000e+01 6.2662e+00 1.4541e+00
-8.0000e+01 -4.0000e+01 5.7024e+00 1.2886e+00
-7.0000e+01 -4.0000e+01 4.5674e+00 1.5129e+00
-6.0000e+01 -4.0000e+01 3.3438e+00 1.8313e+00
-5.0000e+01 -4.0000e+01 2.0956e+00 1.8397e+00
-4.0000e+01 -4.0000e+01 9.0204e-01 1.6233e+00
-3.0000e+01 -4.0000e+01 -1.4951e-01 1.8422e+00
-2.0000e+01 -4.0000e+01 -9.7423e-01 2.4367e+00
-1.0000e+01 -4.0000e+01 -1.5009e+00 3.2040e+00
0.0000e+00 -4.0000e+01 -1.6820e+00 3.5277e+00
1.0000e+01 -4.0000e+01 -1.5009e+00 2.9719e+00
2.0000e+01 -4.0000e+01 -9.7423e-01 2.7045e+00
3.0000e+01 -4.0000e+01 -1.4951e-01 2.1049e+00
4.0000e+01 -4.0000e+01 9.0204e-01 1.6433e+00
5.0000e+01 -4.0000e+01 2.0956e+00 1.6834e+00
6.0000e+01 -4.0000e+01 3.3438e+00 1.7212e+00
7.0000e+01 -4.0000e+01 4.5674e+00 1.6128e+00
8.0000e+01 -4.0000e+01 5.7024e+00 1.2998e+00
-8.0000e+01 -3.0000e+01 5.2057e+00 1.5538e+00
-7.0000e+01 -3.0000e+01 3.9395e+00 1.5727e+00
-6.0000e+01 -3.0000e+01 2.5745e+00 1.6417e+00
-5.0000e+01 -3.0000e+01 1.1820e+00 1.7119e+00
-4.0000e+01 -3.0000e+01 -1.4951e-01 1.8751e+00
-3.0000e+01 -3.0000e+01 -1.3226e+00 3.0688e+00
-2.0000e+01 -3.0000e+01 -2.2426e+00 4.1075e+00
-1.0000e+01 -3.0000e+01 -2.8302e+00 5.6662e+00
0.0000e+00 -3.0000e+01 -3.0322e+00 6.0947e+00
1.0000e+01 -3.0000e+01 -2.8302e+00 5.4512e+00
2.0000e+01 -3.0000e+01 -2.2426e+00 4.4048e+00
3.0000e+01 -3.0000e+01 -1.3226e+00 2.8920e+00
4.0000e+01 -3.0000e+01 -1.4951e-01 2.2530e+00
5.0000e+01 -3.0000e+01 1.1820e+00 1.5239e+00
6.0000e+01 -3.0000e+01 2.5745e+00 1.5745e+00
7.0000e+01 -3.0000e+01 3.9395e+00 1.5298e+00
8.0000e+01 -3.0000e+01 5.2057e+00 1.4809e+00
-8.0000e+01 -2.0000e+01 4.8161e+00 1.2599e+00
-7.0000e+01 -2.0000e+01 3.4470e+00 1.5158e+00
-6.0000e+01 -2.0000e+01 1.9711e+00 1.5343e+00
-5.0000e+01 -2.0000e+01 4.6542e-01 1.8924e+00
-4.0000e+01 -2.0000e+01 -9.7423e-01 2.8894e+00
-3.0000e+01 -2.0000e+01 -2.2426e+00 4.1395e+00
-2.0000e+01 -2.0000e+01 -3.2375e+00 7.0712e+00
-1.0000e+01 -2.0000e+01 -3.8727e+00 9.7665e+00
0.0000e+00 -2.0000e+01 -4.0912e+00 1.1107e+01
1.0000e+01 -2.0000e+01 -3.8727e+00 9.7308e+00
2.0000e+01 -2.0000e+01 -3.2375e+00 6.4963e+00
3.0000e+01 -2.0000e+01 -2.2426e+00 4.1352e+00
4.0000e+01 -2.0000e+01 -9.7423e-01 2.5686e+00
5.0000e+01 -2.0000e+01 4.6542e-01 1.9332e+00
6.0000e+01 -2.0000e+01 1.9711e+00 1.8328e+00
7.0000e+01 -2.0000e+01 3.4470e+00 1.8114e+00
8.0000e+01 -2.0000e+01 4.8161e+00 1.3255e+00
-8.0000e+01 -1.0000e+01 4.5674e+00 1.4932e+00
-7.0000e+01 -1.0000e+01 3.1325e+00 1.4809e+00
-6.0000e+01 -1.0000e+01 1.5858e+00 1.5455e+00
-5.0000e+01 -1.0000e+01 7.8458e-03 1.8197e+00
-4.0000e+01 -1.0000e+01 -1.5009e+00 3.0034e+00
-3.0000e+01 -1.0000e+01 -2.8302e+00 5.6869e+00
-2.0000e+01 -1.0000e+01 -3.8727e+00 9.7002e+00
-1.0000e+01 -1.0000e+01 -4.5385e+00 1.5552e+01
0.0000e+00 -1.0000e+01 -4.7674e+00 1.8174e+01
1.0000e+01 -1.0000e+01 -4.5385e+00 1.5552e+01
2.0000e+01 -1.0000e+01 -3.8727e+00 9.8500e+00
3.0000e+01 -1.0000e+01 -2.8302e+00 5.4094e+00
4.0000e+01 -1.0000e+01 -1.5009e+00 3.4623e+00
5.0000e+01 -1.0000e+01 7.8458e-03 2.3081e+00
6.0000e+01 -1.0000e+01 1.5858e+00 1.2908e+00
7.0000e+01 -1.0000e+01 3.1325e+00 1.6150e+00
8.0000e+01 -1.0000e+01 4.5674e+00 1.4809e+00
-8.0000e+01 0.0000e+00 4.4818e+00 1.3729e+00
-7.0000e+01 0.0000e+00 3.0244e+00 1.6026e+00
-6.0000e+01 0.0000e+00 1.4533e+00 1.6194e+00
-5.0000e+01 0.0000e+00 -1.4951e-01 1.8790e+00
-4.0000e+01 0.0000e+00 -1.6820e+00 3.1731e+00
-3.0000e+01 0.0000e+00 -3.0322e+00 5.8780e+00
-2.0000e+01 0.0000e+00 -4.0912e+00 1.1236e+01
-1.0000e+01 0.0000e+00 -4.7674e+00 1.8289e+01
0.0000e+00 0.0000e+00 -5.0000e+00 2.1837e+01
1.0000e+01 0.0000e+00 -4.7674e+00 1.8101e+01
2.0000e+01 0.0000e+00 -4.0912e+00 1.0968e+01
3.0000e+01 0.0000e+00 -3.0322e+00 5.7218e+00
4.0000e+01 0.0000e+00 -1.6820e+00 3.2043e+00
5.0000e+01 0.0000e+00 -1.4951e-01 2.0125e+00
6.0000e+01 0.0000e+00 1.4533e+00 1.5377e+00
7.0000e+01 0.0000e+00 3.0244e+00 1.5161e+00
8.0000e+01 0.0000e+00 4.4818e+00 1.4914e+00
-8.0000e+01 1.0000e+01 4.5674e+00 1.7034e+00
-7.0000e+01 1.0000e+01 3.1325e+00 1.4887e+00
-6.0000e+01 1.0000e+01 1.5858e+00 1.8041e+00
-5.0000e+01 1.0000e+01 7.8458e-03 1.8283e+00
-4.0000e+01 1.0000e+01 -1.5009e+00 3.2050e+00
-3.0000e+01 1.0000e+01 -2.8302e+00 5.3279e+00
-2.0000e+01 1.0000e+01 -3.8727e+00 9.4346e+00
-1.0000e+01 1.0000e+01 -4.5385e+00 1.5207e+01
0.0000e+00 1.0000e+01 -4.7674e+00 1.8072e+01
1.0000e+01 1.0000e+01 -4.5385e+00 1.5475e+01
2.0000e+01 1.0000e+01 -3.8727e+00 9.7334e+00
3.0000e+01 1.0000e+01 -2.8302e+00 5.4364e+00
4.0000e+01 1.0000e+01 -1.5009e+00 2.9104e+00
5.0000e+01 1.0000e+01 7.8458e-03 2.2918e+00
6.0000e+01 1.0000e+01 1.5858e+00 1.7396e+00
7.0000e+01 1.0000e+01 3.1325e+00 1.7243e+00
8.0000e+01 1.0000e+01 4.5674e+00 1.3381e+00
-8.0000e+01 2.0000e+01 4.8161e+00 1.6714e+00
-7.0000e+01 2.0000e+01 3.4470e+00 1.8400e+00
-6.0000e+01 2.0000e+01 1.9711e+00 1.4390e+00
-5.0000e+01 2.0000e+01 4.6542e-01 1.7929e+00
-4.0000e+01 2.0000e+01 -9.7423e-01 2.7784e+00
-3.0000e+01 2.0000e+01 -2.2426e+00 3.9850e+00
-2.0000e+01 2.0000e+01 -3.2375e+00 6.9238e+00
-1.0000e+01 2.0000e+01 -3.8727e+00 9.7385e+00
0.0000e+00 2.0000e+01 -4.0912e+00 1.1301e+01
1.0000e+01 2.0000e+01 -3.8727e+00 9.7005e+00
2.0000e+01 2.0000e+01 -3.2375e+00 6.4537e+00
3.0000e+01 2.0000e+01 -2.2426e+00 4.1424e+00
4.0000e+01 2.0000e+01 -9.7423e-01 2.4109e+00
5.0000e+01 2.0000e+01 4.6542e-01 1.6817e+00
6.0000e+01 2.0000e+01 1.9711e+00 1.4044e+00
7.0000e+01 2.0000e+01 3.4470e+00 1.4211e+00
8.0000e+01 2.0000e+01 4.8161e+00 1.3581e+00
-8.0000e+01 3.0000e+01 5.2057e+00 1.6735e+00
-7.0000e+01 3.0000e+01 3.9395e+00 1.7545e+00
-6.0000e+01 3.0000e+01 2.5745e+00 1.5206e+00
-5.0000e+01 3.0000e+01 1.1820e+00 1.7192e+00
-4.0000e+01 3.0000e+01 -1.4951e-01 1.9115e+00
-3.0000e+01 3.0000e+01 -1.3226e+00 3.0456e+00
-2.0000e+01 3.0000e+01 -2.2426e+00 4.1934e+00
-1.0000e+01 3.0000e+01 -2.8302e+00 5.5507e+00
0.0000e+00 3.0000e+01 -3.0322e+00 5.6914e+00
1.0000e+01 3.0000e+01 -2.8302e+00 5.3779e+00
2.0000e+01 3.0000e+01 -2.2426e+00 4.2561e+00
3.0000e+01 3.0000e+01 -1.3226e+00 3.1878e+00
4.0000e+01 3.0000e+01 -1.4951e-01 2.2407e+00
5.0000e+01 3.0000e+01 1.1820e+00 1.6908e+00
6.0000e+01 3.0000e+01 2.5745e+00 1.5557e+00
7.0000e+01 3.0000e+01 3.9395e+00 1.3975e+00
8.0000e+01 3.0000e+01 5.2057e+00 1.4854e+00
-8.0000e+01 4.0000e+01 5.7024e+00 1.4917e+00
-7.0000e+01 4.0000e+01 4.5674e+00 1.3050e+00
-6.0000e+01 4.0000e+01 3.3438e+00 1.5512e+00
-5.0000e+01 4.0000e+01 2.0956e+00 1.7733e+00
-4.0000e+01 4.0000e+01 9.0204e-01 1.4626e+00
-3.0000e+01 4.0000e+01 -1.4951e-01 2.1377e+00
-2.0000e+01 4.0000e+01 -9.7423e-01 2.9161e+00
-1.0000e+01 4.0000e+01 -1.5009e+00 3.3843e+00
0.0000e+00 4.0000e+01 -1.6820e+00 3.3879e+00
1.0000e+01 4.0000e+01 -1.5009e+00 3.0766e+00
2.0000e+01 4.0000e+01 -9.7423e-01 2.5394e+00
3.0000e+01 4.0000e+01 -1.4951e-01 2.0879e+00
4.0000e+01 4.0000e+01 9.0204e-01 1.5150e+00
5.0000e+01 4.0000e+01 2.0956e+00 1.2328e+00
6.0000e+01 4.0000e+01 3.3438e+00 1.5138e+00
7.0000e+01 4.0000e+01 4.5674e+00 1.4389e+00
8.0000e+01 4.0000e+01 5.7024e+00 1.2740e+00
-8.0000e+01 5.0000e+01 6.2662e+00 1.4298e+00
-7.0000e+01 5.0000e+01 5.2800e+00 1.6213e+00
-6.0000e+01 5.0000e+01 4.2170e+00 1.6591e+00
-5.0000e+01 5.0000e+01 3.1325e+00 1.6788e+00
-4.0000e+01 5.0000e+01 2.0956e+00 1.3759e+00
-3.0000e+01 5.0000e+01 1.1820e+00 1.8187e+00
-2.0000e+01 5.0000e+01 4.6542e-01 1.9603e+00
-1.0000e+01 5.0000e+01 7.8458e-03 1.8652e+00
0.0000e+00 5.0000e+01 -1.4951e-01 1.9751e+00
1.0000e+01 5.0000e+01 7.8458e-03 2.1980e+00
2.0000e+01 5.0000e+01 4.6542e-01 1.8231e+00
3.0000e+01 5.0000e+01 1.1820e+00 1.5193e+00
4.0000e+01 5.0000e+01 2.0956e+00 1.5197e+00
5.0000e+01 5.0000e+01 3.1325e+00 1.2603e+00
6.0000e+01 5.0000e+01 4.2170e+00 1.5840e+00
7.0000e+01 5.0000e+01 5.2800e+00 1.3334e+00
8.0000e+01 5.0000e+01 6.2662e+00 1.6164e+00
-8.0000e+01 6.0000e+01 6.8558e+00 1.3105e+00
-7.0000e+01 6.0000e+01 6.0254e+00 1.5849e+00
-6.0000e+01 6.0000e+01 5.1302e+00 1.5874e+00
-5.0000e+01 6.0000e+01 4.2170e+00 1.8166e+00
-4.0000e+01 6.0000e+01 3.3438e+00 1.4654e+00
-3.0000e+01 6.0000e+01 2.5745e+00 1.7549e+00
-2.0000e+01 6.0000e+01 1.9711e+00 1.3863e+00
-1.0000e+01 6.0000e+01 1.5858e+00 1.6789e+00
0.0000e+00 6.0000e+01 1.4533e+00 1.7269e+00
1.0000e+01 6.0000e+01 1.5858e+00 1.5812e+00
2.0000e+01 6.0000e+01 1.9711e+00 1.5576e+00
3.0000e+01 6.0000e+01 2.5745e+00 1.3529e+00
4.0000e+01 6.0000e+01 3.3438e+00 1.5024e+00
5.0000e+01 6.0000e+01 4.2170e+00 1.3267e+00
6.0000e+01 6.0000e+01 5.1302e+00 1.4392e+00
7.0000e+01 6.0000e+01 6.0254e+00 1.5081e+00
8.0000e+01 6.0000e+01 6.8558e+00 1.5619e+00
-8.0000e+01 7.0000e+01 7.4338e+00 1.4851e+00
-7.0000e+01 7.0000e+01 6.7560e+00 1.5043e+00
-6.0000e+01 7.0000e+01 6.0254e+00 1.3932e+00
-5.0000e+01 7.0000e+01 5.2800e+00 1.2805e+00
-4.0000e+01 7.0000e+01 4.5674e+00 1.7292e+00
-3.0000e+01 7.0000e+01 3.9395e+00 1.4062e+00
-2.0000e+01 7.0000e+01 3.4470e+00 1.5839e+00
-1.0000e+01 7.0000e+01 3.1325e+00 1.5905e+00
0.0000e+00 7.0000e+01 3.0244e+00 1.6928e+00
1.0000e+01 7.0000e+01 3.1325e+00 1.5916e+00
2.0000e+01 7.0000e+01 3.4470e+00 1.2584e+00
3.0000e+01 7.0000e+01 3.9395e+00 1.5067e+00
4.0000e+01 7.0000e+01 4.5674e+00 1.6170e+00
5.0000e+01 7.0000e+01 5.2800e+00 1.3149e+00
6.0000e+01 7.0000e+01 6.0254e+00 1.6331e+00
7.0000e+01 7.0000e+01 6.7560e+00 1.5683e+00
8.0000e+01 7.0000e+01 7.4338e+00 1.5781e+00
-8.0000e+01 8.0000e+01 7.9700e+00 1.8923e+00
-7.0000e+01 8.0000e+01 7.4338e+00 1.2930e+00
-6.0000e+01 8.0000e+01 6.8558e+00 1.6170e+00
-5.0000e+01 8.0000e+01 6.2662e+00 1.3562e+00
-4.0000e+01 8.0000e+01 5.7024e+00 1.4771e+00
-3.0000e+01 8.0000e+01 5.2057e+00 1.2646e+00
-2.0000e+01 8.0000e+01 4.8161e+00 1.6788e+00
-1.0000e+01 8.0000e+01 4.5674e+00 1.5556e+00
0.0000e+00 8.0000e+01 4.4818e+00 1.3181e+00
1.0000e+01 8.0000e+01 4.5674e+00 1.4430e+00
2.0000e+01 8.0000e+01 4.8161e+00 1.5560e+00
3.0000e+01 8.0000e+01 5.2057e+00 1.3230e+00
4.0000e+01 8.0000e+01 5.7024e+00 1.4478e+00
5.0000e+01 8.0000e+01 6.2662e+00 1.4592e+00
6.0000e+01 8.0000e+01 6.8558e+00 1.4007e+00
7.0000e+01 8.0000e+01 7.4338e+00 1.4162e+00
8.0000e+01 8.0000e+01 7.9700e+00 1.7543e+00
