-8.0000e+01 -8.0000e+01 7.9700e+00 1.7910e+00
-7.0000e+01 -8.0000e+01 7.4338e+00 1.5562e+00
-6.0000e+01 -8.0000e+01 6.8558e+00 1.5316e+00
-5.0000e+01 -8.0000e+01 6.2662e+00 1.5196e+00
-4.0000e+01 -8.0000e+01 5.7024e+00 1.5478e+00
-3.0000e+01 -8.0000e+01 5.2057e+00 1.5713e+00
-2.0000e+01 -8.0000e+01 4.8161e+00 1.5704e+00
-1.0000e+01 -8.0000e+01 4.5674e+00 1.5443e+00
0.0000e+00 -8.0000e+01 4.4818e+00 1.4957e+00
1.0000e+01 -8.0000e+01 4.5674e+00 1.4319e+00
2.0000e+01 -8.0000e+01 4.8161e+00 1.3637e+00
3.0000e+01 -8.0000e+01 5.2057e+00 1.2999e+00
4.0000e+01 -8.0000e+01 5.7024e+00 1.2439e+00
5.0000e+01 -8.0000e+01 6.2662e+00 1.2103e+00
6.0000e+01 -8.0000e+01 6.8558e+00 1.2362e+00
7.0000e+01 -8.0000e+01 7.4338e+00 1.2861e+00
8.0000e+01 -8.0000e+01 7.9700e+00 1.5512e+00
-8.0000e+01 -7.0000e+01 7.4338e+00 1.5755e+00
-7.0000e+01 -7.0000e+01 6.7560e+00 1.5186e+00
-6.0000e+01 -7.0000e+01 6.0254e+00 1.5815e+00
-5.0000e+01 -7.0000e+01 5.2800e+00 1.6541e+00
-4.0000e+01 -7.0000e+01 4.5674e+00 1.7148e+00
-3.0000e+01 -7.0000e+01 3.9395e+00 1.7410e+00
-2.0000e+01 -7.0000e+01 3.4470e+00 1.6980e+00
-1.0000e+01 -7.0000e+01 3.1325e+00 1.6491e+00
0.0000e+00 -7.0000e+01 3.0244e+00 1.5728e+00
1.0000e+01 -7.0000e+01 3.1325e+00 1.4681e+00
2.0000e+01 -7.0000e+01 3.4470e+00 1.3717e+00
3.0000e+01 -7.0000e+01 3.9395e+00 1.3252e+00
4.0000e+01 -7.0000e+01 4.5674e+00 1.2651e+00
5.0000e+01 -7.0000e+01 5.2800e+00 1.2134e+00
6.0000e+01 -7.0000e+01 6.0254e+00 1.1757e+00
7.0000e+01 -7.0000e+01 6.7560e+00 1.1599e+00
8.0000e+01 -7.0000e+01 7.4338e+00 1.2667e+00
-8.0000e+01 -6.0000e+01 6.8558e+00 1.5808e+00
-7.0000e+01 -6.0000e+01 6.0254e+00 1.6153e+00
-6.0000e+01 -6.0000e+01 5.1302e+00 1.7267e+00
-5.0000e+01 -6.0000e+01 4.2170e+00 1.8249e+00
-4.0000e+01 -6.0000e+01 3.3438e+00 1.8851e+00
-3.0000e+01 -6.0000e+01 2.5745e+00 1.9121e+00
-2.0000e+01 -6.0000e+01 1.9711e+00 1.6324e+00
-1.0000e+01 -6.0000e+01 1.5858e+00 1.5158e+00
0.0000e+00 -6.0000e+01 1.4533e+00 1.3843e+00
1.0000e+01 -6.0000e+01 1.5858e+00 1.2119e+00
2.0000e+01 -6.0000e+01 1.9711e+00 1.0993e+00
3.0000e+01 -6.0000e+01 2.5745e+00 1.2588e+00
4.0000e+01 -6.0000e+01 3.3438e+00 1.2099e+00
5.0000e+01 -6.0000e+01 4.2170e+00 1.1930e+00
6.0000e+01 -6.0000e+01 5.1302e+00 1.1697e+00
7.0000e+01 -6.0000e+01 6.0254e+00 1.1419e+00
8.0000e+01 -6.0000e+01 6.8558e+00 1.1870e+00
-8.0000e+01 -5.0000e+01 6.2662e+00 1.6125e+00
-7.0000e+01 -5.0000e+01 5.2800e+00 1.7423e+00
-6.0000e+01 -5.0000e+01 4.2170e+00 1.8881e+00
-5.0000e+01 -5.0000e+01 3.1325e+00 1.9742e+00
-4.0000e+01 -5.0000e+01 2.0956e+00 1.8640e+00
-3.0000e+01 -5.0000e+01 1.1820e+00 1.9460e+00
-2.0000e+01 -5.0000e+01 4.6542e-01 1.9791e+00
-1.0000e+01 -5.0000e+01 7.8458e-03 1.9244e+00
0.0000e+00 -5.0000e+01 -1.4951e-01 1.7130e+00
1.0000e+01 -5.0000e+01 7.8458e-03 1.3917e+00
2.0000e+01 -5.0000e+01 4.6542e-01 1.0786e+00
3.0000e+01 -5.0000e+01 1.1820e+00 8.9837e-01
4.0000e+01 -5.0000e+01 2.0956e+00 8.4175e-01
5.0000e+01 -5.0000e+01 3.1325e+00 1.0694e+00
6.0000e+01 -5.0000e+01 4.2170e+00 1.1298e+00
7.0000e+01 -5.0000e+01 5.2800e+00 1.1252e+00
8.0000e+01 -5.0000e+01 6.2662e+00 1.1176e+00
-8.0000e+01 -4.0000e+01 5.7024e+00 1.6999e+00
-7.0000e+01 -4.0000e+01 4.5674e+00 1.8833e+00
-6.0000e+01 -4.0000e+01 3.3438e+00 2.0538e+00
-5.0000e+01 -4.0000e+01 2.0956e+00 1.9917e+00
-4.0000e+01 -4.0000e+01 9.0204e-01 2.1971e+00
-3.0000e+01 -4.0000e+01 -1.4951e-01 2.5634e+00
-2.0000e+01 -4.0000e+01 -9.7423e-01 2.8473e+00
-1.0000e+01 -4.0000e+01 -1.5009e+00 2.8354e+00
0.0000e+00 -4.0000e+01 -1.6820e+00 2.4760e+00
1.0000e+01 -4.0000e+01 -1.5009e+00 1.8663e+00
2.0000e+01 -4.0000e+01 -9.7423e-01 1.2894e+00
3.0000e+01 -4.0000e+01 -1.4951e-01 8.6897e-01
4.0000e+01 -4.0000e+01 9.0204e-01 6.5644e-01
5.0000e+01 -4.0000e+01 2.0956e+00 7.1398e-01
6.0000e+01 -4.0000e+01 3.3438e+00 1.0412e+00
7.0000e+01 -4.0000e+01 4.5674e+00 1.0965e+00
8.0000e+01 -4.0000e+01 5.7024e+00 1.0919e+00
-8.0000e+01 -3.0000e+01 5.2057e+00 1.7974e+00
-7.0000e+01 -3.0000e+01 3.9395e+00 2.0182e+00
-6.0000e+01 -3.0000e+01 2.5745e+00 2.2387e+00
-5.0000e+01 -3.0000e+01 1.1820e+00 2.2951e+00
-4.0000e+01 -3.0000e+01 -1.4951e-01 2.8456e+00
-3.0000e+01 -3.0000e+01 -1.3226e+00 3.6253e+00
-2.0000e+01 -3.0000e+01 -2.2426e+00 4.3167e+00
-1.0000e+01 -3.0000e+01 -2.8302e+00 4.3541e+00
0.0000e+00 -3.0000e+01 -3.0322e+00 3.7576e+00
1.0000e+01 -3.0000e+01 -2.8302e+00 2.5672e+00
2.0000e+01 -3.0000e+01 -2.2426e+00 1.6260e+00
3.0000e+01 -3.0000e+01 -1.3226e+00 9.3070e-01
4.0000e+01 -3.0000e+01 -1.4951e-01 5.8672e-01
5.0000e+01 -3.0000e+01 1.1820e+00 5.4927e-01
6.0000e+01 -3.0000e+01 2.5745e+00 9.3226e-01
7.0000e+01 -3.0000e+01 3.9395e+00 1.0480e+00
8.0000e+01 -3.0000e+01 5.2057e+00 1.0738e+00
-8.0000e+01 -2.0000e+01 4.8161e+00 1.8805e+00
-7.0000e+01 -2.0000e+01 3.4470e+00 2.1058e+00
-6.0000e+01 -2.0000e+01 1.9711e+00 2.1654e+00
-5.0000e+01 -2.0000e+01 4.6542e-01 2.6542e+00
-4.0000e+01 -2.0000e+01 -9.7423e-01 3.6256e+00
-3.0000e+01 -2.0000e+01 -2.2426e+00 4.9885e+00
-2.0000e+01 -2.0000e+01 -3.2375e+00 6.4082e+00
-1.0000e+01 -2.0000e+01 -3.8727e+00 7.4659e+00
0.0000e+00 -2.0000e+01 -4.0912e+00 6.7521e+00
1.0000e+01 -2.0000e+01 -3.8727e+00 4.3105e+00
2.0000e+01 -2.0000e+01 -3.2375e+00 2.0025e+00
3.0000e+01 -2.0000e+01 -2.2426e+00 9.5429e-01
4.0000e+01 -2.0000e+01 -9.7423e-01 5.1103e-01
5.0000e+01 -2.0000e+01 4.6542e-01 4.0346e-01
6.0000e+01 -2.0000e+01 1.9711e+00 5.6625e-01
7.0000e+01 -2.0000e+01 3.4470e+00 9.6388e-01
8.0000e+01 -2.0000e+01 4.8161e+00 1.0537e+00
-8.0000e+01 -1.0000e+01 4.5674e+00 1.9377e+00
-7.0000e+01 -1.0000e+01 3.1325e+00 2.1921e+00
-6.0000e+01 -1.0000e+01 1.5858e+00 2.2753e+00
-5.0000e+01 -1.0000e+01 7.8458e-03 2.9893e+00
-4.0000e+01 -1.0000e+01 -1.5009e+00 4.2877e+00
-3.0000e+01 -1.0000e+01 -2.8302e+00 6.1375e+00
-2.0000e+01 -1.0000e+01 -3.8727e+00 9.0390e+00
-1.0000e+01 -1.0000e+01 -4.5385e+00 1.1579e+01
0.0000e+00 -1.0000e+01 -4.7674e+00 1.0851e+01
1.0000e+01 -1.0000e+01 -4.5385e+00 6.7324e+00
2.0000e+01 -1.0000e+01 -3.8727e+00 2.7375e+00
3.0000e+01 -1.0000e+01 -2.8302e+00 7.8379e-01
4.0000e+01 -1.0000e+01 -1.5009e+00 4.1405e-01
5.0000e+01 -1.0000e+01 7.8458e-03 3.2682e-01
6.0000e+01 -1.0000e+01 1.5858e+00 4.5244e-01
7.0000e+01 -1.0000e+01 3.1325e+00 9.2517e-01
8.0000e+01 -1.0000e+01 4.5674e+00 1.0385e+00
-8.0000e+01 0.0000e+00 4.4818e+00 1.9584e+00
-7.0000e+01 0.0000e+00 3.0244e+00 2.2292e+00
-6.0000e+01 0.0000e+00 1.4533e+00 2.3381e+00
-5.0000e+01 0.0000e+00 -1.4951e-01 3.1252e+00
-4.0000e+01 0.0000e+00 -1.6820e+00 4.5696e+00
-3.0000e+01 0.0000e+00 -3.0322e+00 6.7249e+00
-2.0000e+01 0.0000e+00 -4.0912e+00 1.0352e+01
-1.0000e+01 0.0000e+00 -4.7674e+00 1.3678e+01
0.0000e+00 0.0000e+00 -5.0000e+00 1.3015e+01
1.0000e+01 0.0000e+00 -4.7674e+00 8.0234e+00
2.0000e+01 0.0000e+00 -4.0912e+00 3.1526e+00
3.0000e+01 0.0000e+00 -3.0322e+00 7.9021e-01
4.0000e+01 0.0000e+00 -1.6820e+00 3.8248e-01
5.0000e+01 0.0000e+00 -1.4951e-01 3.0085e-01
6.0000e+01 0.0000e+00 1.4533e+00 4.3043e-01
7.0000e+01 0.0000e+00 3.0244e+00 9.1623e-01
8.0000e+01 0.0000e+00 4.4818e+00 1.0329e+00
-8.0000e+01 1.0000e+01 4.5674e+00 1.9377e+00
-7.0000e+01 1.0000e+01 3.1325e+00 2.1920e+00
-6.0000e+01 1.0000e+01 1.5858e+00 2.2753e+00
-5.0000e+01 1.0000e+01 7.8458e-03 2.9893e+00
-4.0000e+01 1.0000e+01 -1.5009e+00 4.2876e+00
-3.0000e+01 1.0000e+01 -2.8302e+00 6.1375e+00
-2.0000e+01 1.0000e+01 -3.8727e+00 9.0389e+00
-1.0000e+01 1.0000e+01 -4.5385e+00 1.1553e+01
0.0000e+00 1.0000e+01 -4.7674e+00 1.0851e+01
1.0000e+01 1.0000e+01 -4.5385e+00 6.7583e+00
2.0000e+01 1.0000e+01 -3.8727e+00 2.7375e+00
3.0000e+01 1.0000e+01 -2.8302e+00 7.8379e-01
4.0000e+01 1.0000e+01 -1.5009e+00 4.1409e-01
5.0000e+01 1.0000e+01 7.8458e-03 3.2683e-01
6.0000e+01 1.0000e+01 1.5858e+00 4.5243e-01
7.0000e+01 1.0000e+01 3.1325e+00 9.2516e-01
8.0000e+01 1.0000e+01 4.5674e+00 1.0385e+00
-8.0000e+01 2.0000e+01 4.8161e+00 1.8805e+00
-7.0000e+01 2.0000e+01 3.4470e+00 2.1058e+00
-6.0000e+01 2.0000e+01 1.9711e+00 2.1654e+00
-5.0000e+01 2.0000e+01 4.6542e-01 2.6543e+00
-4.0000e+01 2.0000e+01 -9.7423e-01 3.6256e+00
-3.0000e+01 2.0000e+01 -2.2426e+00 4.9885e+00
-2.0000e+01 2.0000e+01 -3.2375e+00 6.4082e+00
-1.0000e+01 2.0000e+01 -3.8727e+00 7.4659e+00
0.0000e+00 2.0000e+01 -4.0912e+00 6.7521e+00
1.0000e+01 2.0000e+01 -3.8727e+00 4.3105e+00
2.0000e+01 2.0000e+01 -3.2375e+00 2.0025e+00
3.0000e+01 2.0000e+01 -2.2426e+00 9.5430e-01
4.0000e+01 2.0000e+01 -9.7423e-01 5.1104e-01
5.0000e+01 2.0000e+01 4.6542e-01 4.0344e-01
6.0000e+01 2.0000e+01 1.9711e+00 5.6627e-01
7.0000e+01 2.0000e+01 3.4470e+00 9.6389e-01
8.0000e+01 2.0000e+01 4.8161e+00 1.0537e+00
-8.0000e+01 3.0000e+01 5.2057e+00 1.7974e+00
-7.0000e+01 3.0000e+01 3.9395e+00 2.0182e+00
-6.0000e+01 3.0000e+01 2.5745e+00 2.2387e+00
-5.0000e+01 3.0000e+01 1.1820e+00 2.2952e+00
-4.0000e+01 3.0000e+01 -1.4951e-01 2.8457e+00
-3.0000e+01 3.0000e+01 -1.3226e+00 3.6253e+00
-2.0000e+01 3.0000e+01 -2.2426e+00 4.3168e+00
-1.0000e+01 3.0000e+01 -2.8302e+00 4.3541e+00
0.0000e+00 3.0000e+01 -3.0322e+00 3.7576e+00
1.0000e+01 3.0000e+01 -2.8302e+00 2.5672e+00
2.0000e+01 3.0000e+01 -2.2426e+00 1.6260e+00
3.0000e+01 3.0000e+01 -1.3226e+00 9.3071e-01
4.0000e+01 3.0000e+01 -1.4951e-01 5.8673e-01
5.0000e+01 3.0000e+01 1.1820e+00 5.4926e-01
6.0000e+01 3.0000e+01 2.5745e+00 9.3227e-01
7.0000e+01 3.0000e+01 3.9395e+00 1.0480e+00
8.0000e+01 3.0000e+01 5.2057e+00 1.0738e+00
-8.0000e+01 4.0000e+01 5.7024e+00 1.6999e+00
-7.0000e+01 4.0000e+01 4.5674e+00 1.8834e+00
-6.0000e+01 4.0000e+01 3.3438e+00 2.0538e+00
-5.0000e+01 4.0000e+01 2.0956e+00 1.9917e+00
-4.0000e+01 4.0000e+01 9.0204e-01 2.1971e+00
-3.0000e+01 4.0000e+01 -1.4951e-01 2.5634e+00
-2.0000e+01 4.0000e+01 -9.7423e-01 2.8473e+00
-1.0000e+01 4.0000e+01 -1.5009e+00 2.8354e+00
0.0000e+00 4.0000e+01 -1.6820e+00 2.4760e+00
1.0000e+01 4.0000e+01 -1.5009e+00 1.8663e+00
2.0000e+01 4.0000e+01 -9.7423e-01 1.2894e+00
3.0000e+01 4.0000e+01 -1.4951e-01 8.6896e-01
4.0000e+01 4.0000e+01 9.0204e-01 6.5644e-01
5.0000e+01 4.0000e+01 2.0956e+00 7.1398e-01
6.0000e+01 4.0000e+01 3.3438e+00 1.0412e+00
7.0000e+01 4.0000e+01 4.5674e+00 1.0965e+00
8.0000e+01 4.0000e+01 5.7024e+00 1.0919e+00
-8.0000e+01 5.0000e+01 6.2662e+00 1.6124e+00
-7.0000e+01 5.0000e+01 5.2800e+00 1.7423e+00
-6.0000e+01 5.0000e+01 4.2170e+00 1.8881e+00
-5.0000e+01 5.0000e+01 3.1325e+00 1.9742e+00
-4.0000e+01 5.0000e+01 2.0956e+00 1.8640e+00
-3.0000e+01 5.0000e+01 1.1820e+00 1.9460e+00
-2.0000e+01 5.0000e+01 4.6542e-01 1.9791e+00
-1.0000e+01 5.0000e+01 7.8458e-03 1.9244e+00
0.0000e+00 5.0000e+01 -1.4951e-01 1.7130e+00
1.0000e+01 5.0000e+01 7.8458e-03 1.3917e+00
2.0000e+01 5.0000e+01 4.6542e-01 1.0786e+00
3.0000e+01 5.0000e+01 1.1820e+00 8.9836e-01
4.0000e+01 5.0000e+01 2.0956e+00 8.4174e-01
5.0000e+01 5.0000e+01 3.1325e+00 1.0694e+00
6.0000e+01 5.0000e+01 4.2170e+00 1.1298e+00
7.0000e+01 5.0000e+01 5.2800e+00 1.1252e+00
8.0000e+01 5.0000e+01 6.2662e+00 1.1176e+00
-8.0000e+01 6.0000e+01 6.8558e+00 1.5808e+00
-7.0000e+01 6.0000e+01 6.0254e+00 1.6153e+00
-6.0000e+01 6.0000e+01 5.1302e+00 1.7267e+00
-5.0000e+01 6.0000e+01 4.2170e+00 1.8249e+00
-4.0000e+01 6.0000e+01 3.3438e+00 1.8851e+00
-3.0000e+01 6.0000e+01 2.5745e+00 1.9121e+00
-2.0000e+01 6.0000e+01 1.9711e+00 1.6324e+00
-1.0000e+01 6.0000e+01 1.5858e+00 1.5158e+00
0.0000e+00 6.0000e+01 1.4533e+00 1.3843e+00
1.0000e+01 6.0000e+01 1.5858e+00 1.2119e+00
2.0000e+01 6.0000e+01 1.9711e+00 1.0993e+00
3.0000e+01 6.0000e+01 2.5745e+00 1.2589e+00
4.0000e+01 6.0000e+01 3.3438e+00 1.2099e+00
5.0000e+01 6.0000e+01 4.2170e+00 1.1930e+00
6.0000e+01 6.0000e+01 5.1302e+00 1.1697e+00
7.0000e+01 6.0000e+01 6.0254e+00 1.1419e+00
8.0000e+01 6.0000e+01 6.8558e+00 1.1870e+00
-8.0000e+01 7.0000e+01 7.4338e+00 1.5755e+00
-7.0000e+01 7.0000e+01 6.7560e+00 1.5185e+00
-6.0000e+01 7.0000e+01 6.0254e+00 1.5815e+00
-5.0000e+01 7.0000e+01 5.2800e+00 1.6541e+00
-4.0000e+01 7.0000e+01 4.5674e+00 1.7148e+00
-3.0000e+01 7.0000e+01 3.9395e+00 1.7410e+00
-2.0000e+01 7.0000e+01 3.4470e+00 1.6980e+00
-1.0000e+01 7.0000e+01 3.1325e+00 1.6491e+00
0.0000e+00 7.0000e+01 3.0244e+00 1.5727e+00
1.0000e+01 7.0000e+01 3.1325e+00 1.4681e+00
2.0000e+01 7.0000e+01 3.4470e+00 1.3717e+00
3.0000e+01 7.0000e+01 3.9395e+00 1.3252e+00
4.0000e+01 7.0000e+01 4.5674e+00 1.2651e+00
5.0000e+01 7.0000e+01 5.2800e+00 1.2134e+00
6.0000e+01 7.0000e+01 6.0254e+00 1.1757e+00
7.0000e+01 7.0000e+01 6.7560e+00 1.1599e+00
8.0000e+01 7.0000e+01 7.4338e+00 1.2667e+00
-8.0000e+01 8.0000e+01 7.9700e+00 1.7910e+00
-7.0000e+01 8.0000e+01 7.4338e+00 1.5562e+00
-6.0000e+01 8.0000e+01 6.8558e+00 1.5316e+00
-5.0000e+01 8.0000e+01 6.2662e+00 1.5197e+00
-4.0000e+01 8.0000e+01 5.7024e+00 1.5479e+00
-3.0000e+01 8.0000e+01 5.2057e+00 1.5713e+00
-2.0000e+01 8.0000e+01 4.8161e+00 1.5704e+00
-1.0000e+01 8.0000e+01 4.5674e+00 1.5443e+00
0.0000e+00 8.0000e+01 4.4818e+00 1.4957e+00
1.0000e+01 8.0000e+01 4.5674e+00 1.4319e+00
2.0000e+01 8.0000e+01 4.8161e+00 1.3637e+00
3.0000e+01 8.0000e+01 5.2057e+00 1.2999e+00
4.0000e+01 8.0000e+01 5.7024e+00 1.2439e+00
5.0000e+01 8.0000e+01 6.2662e+00 1.2104e+00
6.0000e+01 8.0000e+01 6.8558e+00 1.2362e+00
7.0000e+01 8.0000e+01 7.4338e+00 1.2860e+00
8.0000e+01 8.0000e+01 7.9700e+00 1.5512e+00
