-2.0000e+02 -2.0000e+02 -5.5900e-05
-2.0000e+02 -1.9000e+02 -1.0282e-04
-2.0000e+02 -1.8000e+02 -1.8329e-04
-2.0000e+02 -1.7000e+02 -3.1669e-04
-2.0000e+02 -1.6000e+02 -5.3036e-04
-2.0000e+02 -1.5000e+02 -8.6086e-04
-2.0000e+02 -1.4000e+02 -1.3543e-03
-2.0000e+02 -1.3000e+02 -2.0651e-03
-2.0000e+02 -1.2000e+02 -3.0520e-03
-2.0000e+02 -1.1000e+02 -4.3718e-03
-2.0000e+02 -1.0000e+02 -6.0697e-03
-2.0000e+02 -9.0000e+01 -8.1676e-03
-2.0000e+02 -8.0000e+01 -1.0653e-02
-2.0000e+02 -7.0000e+01 -1.3466e-02
-2.0000e+02 -6.0000e+01 -1.6499e-02
-2.0000e+02 -5.0000e+01 -1.9593e-02
-2.0000e+02 -4.0000e+01 -2.2552e-02
-2.0000e+02 -3.0000e+01 -2.5158e-02
-2.0000e+02 -2.0000e+01 -2.7202e-02
-2.0000e+02 -1.0000e+01 -2.8508e-02
-2.0000e+02 0.0000e+00 -2.8957e-02
-2.0000e+02 1.0000e+01 -2.8508e-02
-2.0000e+02 2.0000e+01 -2.7202e-02
-2.0000e+02 3.0000e+01 -2.5158e-02
-2.0000e+02 4.0000e+01 -2.2552e-02
-2.0000e+02 5.0000e+01 -1.9593e-02
-2.0000e+02 6.0000e+01 -1.6499e-02
-2.0000e+02 7.0000e+01 -1.3466e-02
-2.0000e+02 8.0000e+01 -1.0653e-02
-2.0000e+02 9.0000e+01 -8.1676e-03
-2.0000e+02 1.0000e+02 -6.0697e-03
-2.0000e+02 1.1000e+02 -4.3718e-03
-2.0000e+02 1.2000e+02 -3.0520e-03
-2.0000e+02 1.3000e+02 -2.0651e-03
-2.0000e+02 1.4000e+02 -1.3543e-03
-2.0000e+02 1.5000e+02 -8.6086e-04
-2.0000e+02 1.6000e+02 -5.3036e-04
-2.0000e+02 1.7000e+02 -3.1669e-04
-2.0000e+02 1.8000e+02 -1.8329e-04
-2.0000e+02 1.9000e+02 -1.0282e-04
-2.0000e+02 2.0000e+02 -5.5900e-05
-1.9000e+02 -2.0000e+02 -1.0282e-04
-1.9000e+02 -1.9000e+02 -1.8911e-04
-1.9000e+02 -1.8000e+02 -3.3712e-04
-1.9000e+02 -1.7000e+02 -5.8249e-04
-1.9000e+02 -1.6000e+02 -9.7549e-04
-1.9000e+02 -1.5000e+02 -1.5834e-03
-1.9000e+02 -1.4000e+02 -2.4910e-03
-1.9000e+02 -1.3000e+02 -3.7983e-03
-1.9000e+02 -1.2000e+02 -5.6135e-03
-1.9000e+02 -1.1000e+02 -8.0410e-03
-1.9000e+02 -1.0000e+02 -1.1164e-02
-1.9000e+02 -9.0000e+01 -1.5023e-02
-1.9000e+02 -8.0000e+01 -1.9593e-02
-1.9000e+02 -7.0000e+01 -2.4768e-02
-1.9000e+02 -6.0000e+01 -3.0346e-02
-1.9000e+02 -5.0000e+01 -3.6037e-02
-1.9000e+02 -4.0000e+01 -4.1479e-02
-1.9000e+02 -3.0000e+01 -4.6273e-02
-1.9000e+02 -2.0000e+01 -5.0033e-02
-1.9000e+02 -1.0000e+01 -5.2434e-02
-1.9000e+02 0.0000e+00 -5.3260e-02
-1.9000e+02 1.0000e+01 -5.2434e-02
-1.9000e+02 2.0000e+01 -5.0033e-02
-1.9000e+02 3.0000e+01 -4.6273e-02
-1.9000e+02 4.0000e+01 -4.1479e-02
-1.9000e+02 5.0000e+01 -3.6037e-02
-1.9000e+02 6.0000e+01 -3.0346e-02
-1.9000e+02 7.0000e+01 -2.4768e-02
-1.9000e+02 8.0000e+01 -1.9593e-02
-1.9000e+02 9.0000e+01 -1.5023e-02
-1.9000e+02 1.0000e+02 -1.1164e-02
-1.9000e+02 1.1000e+02 -8.0410e-03
-1.9000e+02 1.2000e+02 -5.6135e-03
-1.9000e+02 1.3000e+02 -3.7983e-03
-1.9000e+02 1.4000e+02 -2.4910e-03
-1.9000e+02 1.5000e+02 -1.5834e-03
-1.9000e+02 1.6000e+02 -9.7549e-04
-1.9000e+02 1.7000e+02 -5.8249e-04
-1.9000e+02 1.8000e+02 -3.3712e-04
-1.9000e+02 1.9000e+02 -1.8911e-04
-1.9000e+02 2.0000e+02 -1.0282e-04
-1.8000e+02 -2.0000e+02 -1.8329e-04
-1.8000e+02 -1.9000e+02 -3.3712e-04
-1.8000e+02 -1.8000e+02 -6.0098e-04
-1.8000e+02 -1.7000e+02 -1.0384e-03
-1.8000e+02 -1.6000e+02 -1.7390e-03
-1.8000e+02 -1.5000e+02 -2.8227e-03
-1.8000e+02 -1.4000e+02 -4.4407e-03
-1.8000e+02 -1.3000e+02 -6.7712e-03
-1.8000e+02 -1.2000e+02 -1.0007e-02
-1.8000e+02 -1.1000e+02 -1.4335e-02
-1.8000e+02 -1.0000e+02 -1.9902e-02
-1.8000e+02 -9.0000e+01 -2.6781e-02
-1.8000e+02 -8.0000e+01 -3.4929e-02
-1.8000e+02 -7.0000e+01 -4.4154e-02
-1.8000e+02 -6.0000e+01 -5.4098e-02
-1.8000e+02 -5.0000e+01 -6.4243e-02
-1.8000e+02 -4.0000e+01 -7.3944e-02
-1.8000e+02 -3.0000e+01 -8.2490e-02
-1.8000e+02 -2.0000e+01 -8.9193e-02
-1.8000e+02 -1.0000e+01 -9.3474e-02
-1.8000e+02 0.0000e+00 -9.4946e-02
-1.8000e+02 1.0000e+01 -9.3474e-02
-1.8000e+02 2.0000e+01 -8.9193e-02
-1.8000e+02 3.0000e+01 -8.2490e-02
-1.8000e+02 4.0000e+01 -7.3944e-02
-1.8000e+02 5.0000e+01 -6.4243e-02
-1.8000e+02 6.0000e+01 -5.4098e-02
-1.8000e+02 7.0000e+01 -4.4154e-02
-1.8000e+02 8.0000e+01 -3.4929e-02
-1.8000e+02 9.0000e+01 -2.6781e-02
-1.8000e+02 1.0000e+02 -1.9902e-02
-1.8000e+02 1.1000e+02 -1.4335e-02
-1.8000e+02 1.2000e+02 -1.0007e-02
-1.8000e+02 1.3000e+02 -6.7712e-03
-1.8000e+02 1.4000e+02 -4.4407e-03
-1.8000e+02 1.5000e+02 -2.8227e-03
-1.8000e+02 1.6000e+02 -1.7390e-03
-1.8000e+02 1.7000e+02 -1.0384e-03
-1.8000e+02 1.8000e+02 -6.0098e-04
-1.8000e+02 1.9000e+02 -3.3712e-04
-1.8000e+02 2.0000e+02 -1.8329e-04
-1.7000e+02 -2.0000e+02 -3.1669e-04
-1.7000e+02 -1.9000e+02 -5.8249e-04
-1.7000e+02 -1.8000e+02 -1.0384e-03
-1.7000e+02 -1.7000e+02 -1.7942e-03
-1.7000e+02 -1.6000e+02 -3.0047e-03
-1.7000e+02 -1.5000e+02 -4.8771e-03
-1.7000e+02 -1.4000e+02 -7.6728e-03
-1.7000e+02 -1.3000e+02 -1.1700e-02
-1.7000e+02 -1.2000e+02 -1.7291e-02
-1.7000e+02 -1.1000e+02 -2.4768e-02
-1.7000e+02 -1.0000e+02 -3.4387e-02
-1.7000e+02 -9.0000e+01 -4.6273e-02
-1.7000e+02 -8.0000e+01 -6.0351e-02
-1.7000e+02 -7.0000e+01 -7.6291e-02
-1.7000e+02 -6.0000e+01 -9.3474e-02
-1.7000e+02 -5.0000e+01 -1.1100e-01
-1.7000e+02 -4.0000e+01 -1.2776e-01
-1.7000e+02 -3.0000e+01 -1.4253e-01
-1.7000e+02 -2.0000e+01 -1.5411e-01
-1.7000e+02 -1.0000e+01 -1.6151e-01
-1.7000e+02 0.0000e+00 -1.6405e-01
-1.7000e+02 1.0000e+01 -1.6151e-01
-1.7000e+02 2.0000e+01 -1.5411e-01
-1.7000e+02 3.0000e+01 -1.4253e-01
-1.7000e+02 4.0000e+01 -1.2776e-01
-1.7000e+02 5.0000e+01 -1.1100e-01
-1.7000e+02 6.0000e+01 -9.3474e-02
-1.7000e+02 7.0000e+01 -7.6291e-02
-1.7000e+02 8.0000e+01 -6.0351e-02
-1.7000e+02 9.0000e+01 -4.6273e-02
-1.7000e+02 1.0000e+02 -3.4387e-02
-1.7000e+02 1.1000e+02 -2.4768e-02
-1.7000e+02 1.2000e+02 -1.7291e-02
-1.7000e+02 1.3000e+02 -1.1700e-02
-1.7000e+02 1.4000e+02 -7.6728e-03
-1.7000e+02 1.5000e+02 -4.8771e-03
-1.7000e+02 1.6000e+02 -3.0047e-03
-1.7000e+02 1.7000e+02 -1.7942e-03
-1.7000e+02 1.8000e+02 -1.0384e-03
-1.7000e+02 1.9000e+02 -5.8249e-04
-1.7000e+02 2.0000e+02 -3.1669e-04
-1.6000e+02 -2.0000e+02 -5.3036e-04
-1.6000e+02 -1.9000e+02 -9.7549e-04
-1.6000e+02 -1.8000e+02 -1.7390e-03
-1.6000e+02 -1.7000e+02 -3.0047e-03
-1.6000e+02 -1.6000e+02 -5.0319e-03
-1.6000e+02 -1.5000e+02 -8.1676e-03
-1.6000e+02 -1.4000e+02 -1.2850e-02
-1.6000e+02 -1.3000e+02 -1.9593e-02
-1.6000e+02 -1.2000e+02 -2.8957e-02
-1.6000e+02 -1.1000e+02 -4.1479e-02
-1.6000e+02 -1.0000e+02 -5.7587e-02
-1.6000e+02 -9.0000e+01 -7.7492e-02
-1.6000e+02 -8.0000e+01 -1.0107e-01
-1.6000e+02 -7.0000e+01 -1.2776e-01
-1.6000e+02 -6.0000e+01 -1.5654e-01
-1.6000e+02 -5.0000e+01 -1.8589e-01
-1.6000e+02 -4.0000e+01 -2.1396e-01
-1.6000e+02 -3.0000e+01 -2.3869e-01
-1.6000e+02 -2.0000e+01 -2.5809e-01
-1.6000e+02 -1.0000e+01 -2.7048e-01
-1.6000e+02 0.0000e+00 -2.7473e-01
-1.6000e+02 1.0000e+01 -2.7048e-01
-1.6000e+02 2.0000e+01 -2.5809e-01
-1.6000e+02 3.0000e+01 -2.3869e-01
-1.6000e+02 4.0000e+01 -2.1396e-01
-1.6000e+02 5.0000e+01 -1.8589e-01
-1.6000e+02 6.0000e+01 -1.5654e-01
-1.6000e+02 7.0000e+01 -1.2776e-01
-1.6000e+02 8.0000e+01 -1.0107e-01
-1.6000e+02 9.0000e+01 -7.7492e-02
-1.6000e+02 1.0000e+02 -5.7587e-02
-1.6000e+02 1.1000e+02 -4.1479e-02
-1.6000e+02 1.2000e+02 -2.8957e-02
-1.6000e+02 1.3000e+02 -1.9593e-02
-1.6000e+02 1.4000e+02 -1.2850e-02
-1.6000e+02 1.5000e+02 -8.1676e-03
-1.6000e+02 1.6000e+02 -5.0319e-03
-1.6000e+02 1.7000e+02 -3.0047e-03
-1.6000e+02 1.8000e+02 -1.7390e-03
-1.6000e+02 1.9000e+02 -9.7549e-04
-1.6000e+02 2.0000e+02 -5.3036e-04
-1.5000e+02 -2.0000e+02 -8.6086e-04
-1.5000e+02 -1.9000e+02 -1.5834e-03
-1.5000e+02 -1.8000e+02 -2.8227e-03
-1.5000e+02 -1.7000e+02 -4.8771e-03
-1.5000e+02 -1.6000e+02 -8.1676e-03
-1.5000e+02 -1.5000e+02 -1.3257e-02
-1.5000e+02 -1.4000e+02 -2.0857e-02
-1.5000e+02 -1.3000e+02 -3.1803e-02
-1.5000e+02 -1.2000e+02 -4.7002e-02
-1.5000e+02 -1.1000e+02 -6.7327e-02
-1.5000e+02 -1.0000e+02 -9.3474e-02
-1.5000e+02 -9.0000e+01 -1.2578e-01
-1.5000e+02 -8.0000e+01 -1.6405e-01
-1.5000e+02 -7.0000e+01 -2.0738e-01
-1.5000e+02 -6.0000e+01 -2.5409e-01
-1.5000e+02 -5.0000e+01 -3.0174e-01
-1.5000e+02 -4.0000e+01 -3.4730e-01
-1.5000e+02 -3.0000e+01 -3.8744e-01
-1.5000e+02 -2.0000e+01 -4.1892e-01
-1.5000e+02 -1.0000e+01 -4.3902e-01
-1.5000e+02 0.0000e+00 -4.4594e-01
-1.5000e+02 1.0000e+01 -4.3902e-01
-1.5000e+02 2.0000e+01 -4.1892e-01
-1.5000e+02 3.0000e+01 -3.8744e-01
-1.5000e+02 4.0000e+01 -3.4730e-01
-1.5000e+02 5.0000e+01 -3.0174e-01
-1.5000e+02 6.0000e+01 -2.5409e-01
-1.5000e+02 7.0000e+01 -2.0738e-01
-1.5000e+02 8.0000e+01 -1.6405e-01
-1.5000e+02 9.0000e+01 -1.2578e-01
-1.5000e+02 1.0000e+02 -9.3474e-02
-1.5000e+02 1.1000e+02 -6.7327e-02
-1.5000e+02 1.2000e+02 -4.7002e-02
-1.5000e+02 1.3000e+02 -3.1803e-02
-1.5000e+02 1.4000e+02 -2.0857e-02
-1.5000e+02 1.5000e+02 -1.3257e-02
-1.5000e+02 1.6000e+02 -8.1676e-03
-1.5000e+02 1.7000e+02 -4.8771e-03
-1.5000e+02 1.8000e+02 -2.8227e-03
-1.5000e+02 1.9000e+02 -1.5834e-03
-1.5000e+02 2.0000e+02 -8.6086e-04
-1.4000e+02 -2.0000e+02 -1.3543e-03
-1.4000e+02 -1.9000e+02 -2.4910e-03
-1.4000e+02 -1.8000e+02 -4.4407e-03
-1.4000e+02 -1.7000e+02 -7.6728e-03
-1.4000e+02 -1.6000e+02 -1.2850e-02
-1.4000e+02 -1.5000e+02 -2.0857e-02
-1.4000e+02 -1.4000e+02 -3.2812e-02
-1.4000e+02 -1.3000e+02 -5.0033e-02
-1.4000e+02 -1.2000e+02 -7.3944e-02
-1.4000e+02 -1.1000e+02 -1.0592e-01
-1.4000e+02 -1.0000e+02 -1.4705e-01
-1.4000e+02 -9.0000e+01 -1.9788e-01
-1.4000e+02 -8.0000e+01 -2.5809e-01
-1.4000e+02 -7.0000e+01 -3.2626e-01
-1.4000e+02 -6.0000e+01 -3.9974e-01
-1.4000e+02 -5.0000e+01 -4.7470e-01
-1.4000e+02 -4.0000e+01 -5.4637e-01
-1.4000e+02 -3.0000e+01 -6.0953e-01
-1.4000e+02 -2.0000e+01 -6.5905e-01
-1.4000e+02 -1.0000e+01 -6.9068e-01
-1.4000e+02 0.0000e+00 -7.0156e-01
-1.4000e+02 1.0000e+01 -6.9068e-01
-1.4000e+02 2.0000e+01 -6.5905e-01
-1.4000e+02 3.0000e+01 -6.0953e-01
-1.4000e+02 4.0000e+01 -5.4637e-01
-1.4000e+02 5.0000e+01 -4.7470e-01
-1.4000e+02 6.0000e+01 -3.9974e-01
-1.4000e+02 7.0000e+01 -3.2626e-01
-1.4000e+02 8.0000e+01 -2.5809e-01
-1.4000e+02 9.0000e+01 -1.9788e-01
-1.4000e+02 1.0000e+02 -1.4705e-01
-1.4000e+02 1.1000e+02 -1.0592e-01
-1.4000e+02 1.2000e+02 -7.3944e-02
-1.4000e+02 1.3000e+02 -5.0033e-02
-1.4000e+02 1.4000e+02 -3.2812e-02
-1.4000e+02 1.5000e+02 -2.0857e-02
-1.4000e+02 1.6000e+02 -1.2850e-02
-1.4000e+02 1.7000e+02 -7.6728e-03
-1.4000e+02 1.8000e+02 -4.4407e-03
-1.4000e+02 1.9000e+02 -2.4910e-03
-1.4000e+02 2.0000e+02 -1.3543e-03
-1.3000e+02 -2.0000e+02 -2.0651e-03
-1.3000e+02 -1.9000e+02 -3.7983e-03
-1.3000e+02 -1.8000e+02 -6.7712e-03
-1.3000e+02 -1.7000e+02 -1.1700e-02
-1.3000e+02 -1.6000e+02 -1.9593e-02
-1.3000e+02 -1.5000e+02 -3.1803e-02
-1.3000e+02 -1.4000e+02 -5.0033e-02
-1.3000e+02 -1.3000e+02 -7.6291e-02
-1.3000e+02 -1.2000e+02 -1.1275e-01
-1.3000e+02 -1.1000e+02 -1.6151e-01
-1.3000e+02 -1.0000e+02 -2.2423e-01
-1.3000e+02 -9.0000e+01 -3.0174e-01
-1.3000e+02 -8.0000e+01 -3.9354e-01
-1.3000e+02 -7.0000e+01 -4.9748e-01
-1.3000e+02 -6.0000e+01 -6.0953e-01
-1.3000e+02 -5.0000e+01 -7.2383e-01
-1.3000e+02 -4.0000e+01 -8.3312e-01
-1.3000e+02 -3.0000e+01 -9.2942e-01
-1.3000e+02 -2.0000e+01 -1.0049e+00
-1.3000e+02 -1.0000e+01 -1.0532e+00
-1.3000e+02 0.0000e+00 -1.0698e+00
-1.3000e+02 1.0000e+01 -1.0532e+00
-1.3000e+02 2.0000e+01 -1.0049e+00
-1.3000e+02 3.0000e+01 -9.2942e-01
-1.3000e+02 4.0000e+01 -8.3312e-01
-1.3000e+02 5.0000e+01 -7.2383e-01
-1.3000e+02 6.0000e+01 -6.0953e-01
-1.3000e+02 7.0000e+01 -4.9748e-01
-1.3000e+02 8.0000e+01 -3.9354e-01
-1.3000e+02 9.0000e+01 -3.0174e-01
-1.3000e+02 1.0000e+02 -2.2423e-01
-1.3000e+02 1.1000e+02 -1.6151e-01
-1.3000e+02 1.2000e+02 -1.1275e-01
-1.3000e+02 1.3000e+02 -7.6291e-02
-1.3000e+02 1.4000e+02 -5.0033e-02
-1.3000e+02 1.5000e+02 -3.1803e-02
-1.3000e+02 1.6000e+02 -1.9593e-02
-1.3000e+02 1.7000e+02 -1.1700e-02
-1.3000e+02 1.8000e+02 -6.7712e-03
-1.3000e+02 1.9000e+02 -3.7983e-03
-1.3000e+02 2.0000e+02 -2.0651e-03
-1.2000e+02 -2.0000e+02 -3.0520e-03
-1.2000e+02 -1.9000e+02 -5.6135e-03
-1.2000e+02 -1.8000e+02 -1.0007e-02
-1.2000e+02 -1.7000e+02 -1.7291e-02
-1.2000e+02 -1.6000e+02 -2.8957e-02
-1.2000e+02 -1.5000e+02 -4.7002e-02
-1.2000e+02 -1.4000e+02 -7.3944e-02
-1.2000e+02 -1.3000e+02 -1.1275e-01
-1.2000e+02 -1.2000e+02 -1.6663e-01
-1.2000e+02 -1.1000e+02 -2.3869e-01
-1.2000e+02 -1.0000e+02 -3.3139e-01
-1.2000e+02 -9.0000e+01 -4.4594e-01
-1.2000e+02 -8.0000e+01 -5.8161e-01
-1.2000e+02 -7.0000e+01 -7.3523e-01
-1.2000e+02 -6.0000e+01 -9.0082e-01
-1.2000e+02 -5.0000e+01 -1.0698e+00
-1.2000e+02 -4.0000e+01 -1.2313e+00
-1.2000e+02 -3.0000e+01 -1.3736e+00
-1.2000e+02 -2.0000e+01 -1.4852e+00
-1.2000e+02 -1.0000e+01 -1.5565e+00
-1.2000e+02 0.0000e+00 -1.5810e+00
-1.2000e+02 1.0000e+01 -1.5565e+00
-1.2000e+02 2.0000e+01 -1.4852e+00
-1.2000e+02 3.0000e+01 -1.3736e+00
-1.2000e+02 4.0000e+01 -1.2313e+00
-1.2000e+02 5.0000e+01 -1.0698e+00
-1.2000e+02 6.0000e+01 -9.0082e-01
-1.2000e+02 7.0000e+01 -7.3523e-01
-1.2000e+02 8.0000e+01 -5.8161e-01
-1.2000e+02 9.0000e+01 -4.4594e-01
-1.2000e+02 1.0000e+02 -3.3139e-01
-1.2000e+02 1.1000e+02 -2.3869e-01
-1.2000e+02 1.2000e+02 -1.6663e-01
-1.2000e+02 1.3000e+02 -1.1275e-01
-1.2000e+02 1.4000e+02 -7.3944e-02
-1.2000e+02 1.5000e+02 -4.7002e-02
-1.2000e+02 1.6000e+02 -2.8957e-02
-1.2000e+02 1.7000e+02 -1.7291e-02
-1.2000e+02 1.8000e+02 -1.0007e-02
-1.2000e+02 1.9000e+02 -5.6135e-03
-1.2000e+02 2.0000e+02 -3.0520e-03
-1.1000e+02 -2.0000e+02 -4.3718e-03
-1.1000e+02 -1.9000e+02 -8.0410e-03
-1.1000e+02 -1.8000e+02 -1.4335e-02
-1.1000e+02 -1.7000e+02 -2.4768e-02
-1.1000e+02 -1.6000e+02 -4.1479e-02
-1.1000e+02 -1.5000e+02 -6.7327e-02
-1.1000e+02 -1.4000e+02 -1.0592e-01
-1.1000e+02 -1.3000e+02 -1.6151e-01
-1.1000e+02 -1.2000e+02 -2.3869e-01
-1.1000e+02 -1.1000e+02 -3.4191e-01
-1.1000e+02 -1.0000e+02 -4.7470e-01
-1.1000e+02 -9.0000e+01 -6.3878e-01
-1.1000e+02 -8.0000e+01 -8.3312e-01
-1.1000e+02 -7.0000e+01 -1.0532e+00
-1.1000e+02 -6.0000e+01 -1.2904e+00
-1.1000e+02 -5.0000e+01 -1.5323e+00
-1.1000e+02 -4.0000e+01 -1.7637e+00
-1.1000e+02 -3.0000e+01 -1.9676e+00
-1.1000e+02 -2.0000e+01 -2.1275e+00
-1.1000e+02 -1.0000e+01 -2.2296e+00
-1.1000e+02 0.0000e+00 -2.2647e+00
-1.1000e+02 1.0000e+01 -2.2296e+00
-1.1000e+02 2.0000e+01 -2.1275e+00
-1.1000e+02 3.0000e+01 -1.9676e+00
-1.1000e+02 4.0000e+01 -1.7637e+00
-1.1000e+02 5.0000e+01 -1.5323e+00
-1.1000e+02 6.0000e+01 -1.2904e+00
-1.1000e+02 7.0000e+01 -1.0532e+00
-1.1000e+02 8.0000e+01 -8.3312e-01
-1.1000e+02 9.0000e+01 -6.3878e-01
-1.1000e+02 1.0000e+02 -4.7470e-01
-1.1000e+02 1.1000e+02 -3.4191e-01
-1.1000e+02 1.2000e+02 -2.3869e-01
-1.1000e+02 1.3000e+02 -1.6151e-01
-1.1000e+02 1.4000e+02 -1.0592e-01
-1.1000e+02 1.5000e+02 -6.7327e-02
-1.1000e+02 1.6000e+02 -4.1479e-02
-1.1000e+02 1.7000e+02 -2.4768e-02
-1.1000e+02 1.8000e+02 -1.4335e-02
-1.1000e+02 1.9000e+02 -8.0410e-03
-1.1000e+02 2.0000e+02 -4.3718e-03
-1.0000e+02 -2.0000e+02 -6.0697e-03
-1.0000e+02 -1.9000e+02 -1.1164e-02
-1.0000e+02 -1.8000e+02 -1.9902e-02
-1.0000e+02 -1.7000e+02 -3.4387e-02
-1.0000e+02 -1.6000e+02 -5.7587e-02
-1.0000e+02 -1.5000e+02 -9.3474e-02
-1.0000e+02 -1.4000e+02 -1.4705e-01
-1.0000e+02 -1.3000e+02 -2.2423e-01
-1.0000e+02 -1.2000e+02 -3.3139e-01
-1.0000e+02 -1.1000e+02 -4.7470e-01
-1.0000e+02 -1.0000e+02 -6.5905e-01
-1.0000e+02 -9.0000e+01 -8.8685e-01
-1.0000e+02 -8.0000e+01 -1.1567e+00
-1.0000e+02 -7.0000e+01 -1.4622e+00
-1.0000e+02 -6.0000e+01 -1.7915e+00
-1.0000e+02 -5.0000e+01 -2.1275e+00
-1.0000e+02 -4.0000e+01 -2.4487e+00
-1.0000e+02 -3.0000e+01 -2.7317e+00
-1.0000e+02 -2.0000e+01 -2.9537e+00
-1.0000e+02 -1.0000e+01 -3.0954e+00
-1.0000e+02 0.0000e+00 -3.1442e+00
-1.0000e+02 1.0000e+01 -3.0954e+00
-1.0000e+02 2.0000e+01 -2.9537e+00
-1.0000e+02 3.0000e+01 -2.7317e+00
-1.0000e+02 4.0000e+01 -2.4487e+00
-1.0000e+02 5.0000e+01 -2.1275e+00
-1.0000e+02 6.0000e+01 -1.7915e+00
-1.0000e+02 7.0000e+01 -1.4622e+00
-1.0000e+02 8.0000e+01 -1.1567e+00
-1.0000e+02 9.0000e+01 -8.8685e-01
-1.0000e+02 1.0000e+02 -6.5905e-01
-1.0000e+02 1.1000e+02 -4.7470e-01
-1.0000e+02 1.2000e+02 -3.3139e-01
-1.0000e+02 1.3000e+02 -2.2423e-01
-1.0000e+02 1.4000e+02 -1.4705e-01
-1.0000e+02 1.5000e+02 -9.3474e-02
-1.0000e+02 1.6000e+02 -5.7587e-02
-1.0000e+02 1.7000e+02 -3.4387e-02
-1.0000e+02 1.8000e+02 -1.9902e-02
-1.0000e+02 1.9000e+02 -1.1164e-02
-1.0000e+02 2.0000e+02 -6.0697e-03
-9.0000e+01 -2.0000e+02 -8.1676e-03
-9.0000e+01 -1.9000e+02 -1.5023e-02
-9.0000e+01 -1.8000e+02 -2.6781e-02
-9.0000e+01 -1.7000e+02 -4.6273e-02
-9.0000e+01 -1.6000e+02 -7.7492e-02
-9.0000e+01 -1.5000e+02 -1.2578e-01
-9.0000e+01 -1.4000e+02 -1.9788e-01
-9.0000e+01 -1.3000e+02 -3.0174e-01
-9.0000e+01 -1.2000e+02 -4.4594e-01
-9.0000e+01 -1.1000e+02 -6.3878e-01
-9.0000e+01 -1.0000e+02 -8.8685e-01
-9.0000e+01 -9.0000e+01 -1.1934e+00
-9.0000e+01 -8.0000e+01 -1.5565e+00
-9.0000e+01 -7.0000e+01 -1.9676e+00
-9.0000e+01 -6.0000e+01 -2.4107e+00
-9.0000e+01 -5.0000e+01 -2.8628e+00
-9.0000e+01 -4.0000e+01 -3.2951e+00
-9.0000e+01 -3.0000e+01 -3.6759e+00
-9.0000e+01 -2.0000e+01 -3.9746e+00
-9.0000e+01 -1.0000e+01 -4.1653e+00
-9.0000e+01 0.0000e+00 -4.2309e+00
-9.0000e+01 1.0000e+01 -4.1653e+00
-9.0000e+01 2.0000e+01 -3.9746e+00
-9.0000e+01 3.0000e+01 -3.6759e+00
-9.0000e+01 4.0000e+01 -3.2951e+00
-9.0000e+01 5.0000e+01 -2.8628e+00
-9.0000e+01 6.0000e+01 -2.4107e+00
-9.0000e+01 7.0000e+01 -1.9676e+00
-9.0000e+01 8.0000e+01 -1.5565e+00
-9.0000e+01 9.0000e+01 -1.1934e+00
-9.0000e+01 1.0000e+02 -8.8685e-01
-9.0000e+01 1.1000e+02 -6.3878e-01
-9.0000e+01 1.2000e+02 -4.4594e-01
-9.0000e+01 1.3000e+02 -3.0174e-01
-9.0000e+01 1.4000e+02 -1.9788e-01
-9.0000e+01 1.5000e+02 -1.2578e-01
-9.0000e+01 1.6000e+02 -7.7492e-02
-9.0000e+01 1.7000e+02 -4.6273e-02
-9.0000e+01 1.8000e+02 -2.6781e-02
-9.0000e+01 1.9000e+02 -1.5023e-02
-9.0000e+01 2.0000e+02 -8.1676e-03
-8.0000e+01 -2.0000e+02 -1.0653e-02
-8.0000e+01 -1.9000e+02 -1.9593e-02
-8.0000e+01 -1.8000e+02 -3.4929e-02
-8.0000e+01 -1.7000e+02 -6.0351e-02
-8.0000e+01 -1.6000e+02 -1.0107e-01
-8.0000e+01 -1.5000e+02 -1.6405e-01
-8.0000e+01 -1.4000e+02 -2.5809e-01
-8.0000e+01 -1.3000e+02 -3.9354e-01
-8.0000e+01 -1.2000e+02 -5.8161e-01
-8.0000e+01 -1.1000e+02 -8.3312e-01
-8.0000e+01 -1.0000e+02 -1.1567e+00
-8.0000e+01 -9.0000e+01 -1.5565e+00
-8.0000e+01 -8.0000e+01 -2.0300e+00
-8.0000e+01 -7.0000e+01 -2.5662e+00
-8.0000e+01 -6.0000e+01 -3.1442e+00
-8.0000e+01 -5.0000e+01 -3.7338e+00
-8.0000e+01 -4.0000e+01 -4.2976e+00
-8.0000e+01 -3.0000e+01 -4.7943e+00
-8.0000e+01 -2.0000e+01 -5.1839e+00
-8.0000e+01 -1.0000e+01 -5.4326e+00
-8.0000e+01 0.0000e+00 -5.5182e+00
-8.0000e+01 1.0000e+01 -5.4326e+00
-8.0000e+01 2.0000e+01 -5.1839e+00
-8.0000e+01 3.0000e+01 -4.7943e+00
-8.0000e+01 4.0000e+01 -4.2976e+00
-8.0000e+01 5.0000e+01 -3.7338e+00
-8.0000e+01 6.0000e+01 -3.1442e+00
-8.0000e+01 7.0000e+01 -2.5662e+00
-8.0000e+01 8.0000e+01 -2.0300e+00
-8.0000e+01 9.0000e+01 -1.5565e+00
-8.0000e+01 1.0000e+02 -1.1567e+00
-8.0000e+01 1.1000e+02 -8.3312e-01
-8.0000e+01 1.2000e+02 -5.8161e-01
-8.0000e+01 1.3000e+02 -3.9354e-01
-8.0000e+01 1.4000e+02 -2.5809e-01
-8.0000e+01 1.5000e+02 -1.6405e-01
-8.0000e+01 1.6000e+02 -1.0107e-01
-8.0000e+01 1.7000e+02 -6.0351e-02
-8.0000e+01 1.8000e+02 -3.4929e-02
-8.0000e+01 1.9000e+02 -1.9593e-02
-8.0000e+01 2.0000e+02 -1.0653e-02
-7.0000e+01 -2.0000e+02 -1.3466e-02
-7.0000e+01 -1.9000e+02 -2.4768e-02
-7.0000e+01 -1.8000e+02 -4.4154e-02
-7.0000e+01 -1.7000e+02 -7.6291e-02
-7.0000e+01 -1.6000e+02 -1.2776e-01
-7.0000e+01 -1.5000e+02 -2.0738e-01
-7.0000e+01 -1.4000e+02 -3.2626e-01
-7.0000e+01 -1.3000e+02 -4.9748e-01
-7.0000e+01 -1.2000e+02 -7.3523e-01
-7.0000e+01 -1.1000e+02 -1.0532e+00
-7.0000e+01 -1.0000e+02 -1.4622e+00
-7.0000e+01 -9.0000e+01 -1.9676e+00
-7.0000e+01 -8.0000e+01 -2.5662e+00
-7.0000e+01 -7.0000e+01 -3.2440e+00
-7.0000e+01 -6.0000e+01 -3.9746e+00
-7.0000e+01 -5.0000e+01 -4.7200e+00
-7.0000e+01 -4.0000e+01 -5.4326e+00
-7.0000e+01 -3.0000e+01 -6.0605e+00
-7.0000e+01 -2.0000e+01 -6.5530e+00
-7.0000e+01 -1.0000e+01 -6.8675e+00
-7.0000e+01 0.0000e+00 -6.9756e+00
-7.0000e+01 1.0000e+01 -6.8675e+00
-7.0000e+01 2.0000e+01 -6.5530e+00
-7.0000e+01 3.0000e+01 -6.0605e+00
-7.0000e+01 4.0000e+01 -5.4326e+00
-7.0000e+01 5.0000e+01 -4.7200e+00
-7.0000e+01 6.0000e+01 -3.9746e+00
-7.0000e+01 7.0000e+01 -3.2440e+00
-7.0000e+01 8.0000e+01 -2.5662e+00
-7.0000e+01 9.0000e+01 -1.9676e+00
-7.0000e+01 1.0000e+02 -1.4622e+00
-7.0000e+01 1.1000e+02 -1.0532e+00
-7.0000e+01 1.2000e+02 -7.3523e-01
-7.0000e+01 1.3000e+02 -4.9748e-01
-7.0000e+01 1.4000e+02 -3.2626e-01
-7.0000e+01 1.5000e+02 -2.0738e-01
-7.0000e+01 1.6000e+02 -1.2776e-01
-7.0000e+01 1.7000e+02 -7.6291e-02
-7.0000e+01 1.8000e+02 -4.4154e-02
-7.0000e+01 1.9000e+02 -2.4768e-02
-7.0000e+01 2.0000e+02 -1.3466e-02
-6.0000e+01 -2.0000e+02 -1.6499e-02
-6.0000e+01 -1.9000e+02 -3.0346e-02
-6.0000e+01 -1.8000e+02 -5.4098e-02
-6.0000e+01 -1.7000e+02 -9.3474e-02
-6.0000e+01 -1.6000e+02 -1.5654e-01
-6.0000e+01 -1.5000e+02 -2.5409e-01
-6.0000e+01 -1.4000e+02 -3.9974e-01
-6.0000e+01 -1.3000e+02 -6.0953e-01
-6.0000e+01 -1.2000e+02 -9.0082e-01
-6.0000e+01 -1.1000e+02 -1.2904e+00
-6.0000e+01 -1.0000e+02 -1.7915e+00
-6.0000e+01 -9.0000e+01 -2.4107e+00
-6.0000e+01 -8.0000e+01 -3.1442e+00
-6.0000e+01 -7.0000e+01 -3.9746e+00
-6.0000e+01 -6.0000e+01 -4.8698e+00
-6.0000e+01 -5.0000e+01 -5.7830e+00
-6.0000e+01 -4.0000e+01 -6.6562e+00
-6.0000e+01 -3.0000e+01 -7.4255e+00
-6.0000e+01 -2.0000e+01 -8.0289e+00
-6.0000e+01 -1.0000e+01 -8.4142e+00
-6.0000e+01 0.0000e+00 -8.5467e+00
-6.0000e+01 1.0000e+01 -8.4142e+00
-6.0000e+01 2.0000e+01 -8.0289e+00
-6.0000e+01 3.0000e+01 -7.4255e+00
-6.0000e+01 4.0000e+01 -6.6562e+00
-6.0000e+01 5.0000e+01 -5.7830e+00
-6.0000e+01 6.0000e+01 -4.8698e+00
-6.0000e+01 7.0000e+01 -3.9746e+00
-6.0000e+01 8.0000e+01 -3.1442e+00
-6.0000e+01 9.0000e+01 -2.4107e+00
-6.0000e+01 1.0000e+02 -1.7915e+00
-6.0000e+01 1.1000e+02 -1.2904e+00
-6.0000e+01 1.2000e+02 -9.0082e-01
-6.0000e+01 1.3000e+02 -6.0953e-01
-6.0000e+01 1.4000e+02 -3.9974e-01
-6.0000e+01 1.5000e+02 -2.5409e-01
-6.0000e+01 1.6000e+02 -1.5654e-01
-6.0000e+01 1.7000e+02 -9.3474e-02
-6.0000e+01 1.8000e+02 -5.4098e-02
-6.0000e+01 1.9000e+02 -3.0346e-02
-6.0000e+01 2.0000e+02 -1.6499e-02
-5.0000e+01 -2.0000e+02 -1.9593e-02
-5.0000e+01 -1.9000e+02 -3.6037e-02
-5.0000e+01 -1.8000e+02 -6.4243e-02
-5.0000e+01 -1.7000e+02 -1.1100e-01
-5.0000e+01 -1.6000e+02 -1.8589e-01
-5.0000e+01 -1.5000e+02 -3.0174e-01
-5.0000e+01 -1.4000e+02 -4.7470e-01
-5.0000e+01 -1.3000e+02 -7.2383e-01
-5.0000e+01 -1.2000e+02 -1.0698e+00
-5.0000e+01 -1.1000e+02 -1.5323e+00
-5.0000e+01 -1.0000e+02 -2.1275e+00
-5.0000e+01 -9.0000e+01 -2.8628e+00
-5.0000e+01 -8.0000e+01 -3.7338e+00
-5.0000e+01 -7.0000e+01 -4.7200e+00
-5.0000e+01 -6.0000e+01 -5.7830e+00
-5.0000e+01 -5.0000e+01 -6.8675e+00
-5.0000e+01 -4.0000e+01 -7.9044e+00
-5.0000e+01 -3.0000e+01 -8.8180e+00
-5.0000e+01 -2.0000e+01 -9.5346e+00
-5.0000e+01 -1.0000e+01 -9.9922e+00
-5.0000e+01 0.0000e+00 -1.0150e+01
-5.0000e+01 1.0000e+01 -9.9922e+00
-5.0000e+01 2.0000e+01 -9.5346e+00
-5.0000e+01 3.0000e+01 -8.8180e+00
-5.0000e+01 4.0000e+01 -7.9044e+00
-5.0000e+01 5.0000e+01 -6.8675e+00
-5.0000e+01 6.0000e+01 -5.7830e+00
-5.0000e+01 7.0000e+01 -4.7200e+00
-5.0000e+01 8.0000e+01 -3.7338e+00
-5.0000e+01 9.0000e+01 -2.8628e+00
-5.0000e+01 1.0000e+02 -2.1275e+00
-5.0000e+01 1.1000e+02 -1.5323e+00
-5.0000e+01 1.2000e+02 -1.0698e+00
-5.0000e+01 1.3000e+02 -7.2383e-01
-5.0000e+01 1.4000e+02 -4.7470e-01
-5.0000e+01 1.5000e+02 -3.0174e-01
-5.0000e+01 1.6000e+02 -1.8589e-01
-5.0000e+01 1.7000e+02 -1.1100e-01
-5.0000e+01 1.8000e+02 -6.4243e-02
-5.0000e+01 1.9000e+02 -3.6037e-02
-5.0000e+01 2.0000e+02 -1.9593e-02
-4.0000e+01 -2.0000e+02 -2.2552e-02
-4.0000e+01 -1.9000e+02 -4.1479e-02
-4.0000e+01 -1.8000e+02 -7.3944e-02
-4.0000e+01 -1.7000e+02 -1.2776e-01
-4.0000e+01 -1.6000e+02 -2.1396e-01
-4.0000e+01 -1.5000e+02 -3.4730e-01
-4.0000e+01 -1.4000e+02 -5.4637e-01
-4.0000e+01 -1.3000e+02 -8.3312e-01
-4.0000e+01 -1.2000e+02 -1.2313e+00
-4.0000e+01 -1.1000e+02 -1.7637e+00
-4.0000e+01 -1.0000e+02 -2.4487e+00
-4.0000e+01 -9.0000e+01 -3.2951e+00
-4.0000e+01 -8.0000e+01 -4.2976e+00
-4.0000e+01 -7.0000e+01 -5.4326e+00
-4.0000e+01 -6.0000e+01 -6.6562e+00
-4.0000e+01 -5.0000e+01 -7.9044e+00
-4.0000e+01 -4.0000e+01 -9.0980e+00
-4.0000e+01 -3.0000e+01 -1.0150e+01
-4.0000e+01 -2.0000e+01 -1.0974e+01
-4.0000e+01 -1.0000e+01 -1.1501e+01
-4.0000e+01 0.0000e+00 -1.1682e+01
-4.0000e+01 1.0000e+01 -1.1501e+01
-4.0000e+01 2.0000e+01 -1.0974e+01
-4.0000e+01 3.0000e+01 -1.0150e+01
-4.0000e+01 4.0000e+01 -9.0980e+00
-4.0000e+01 5.0000e+01 -7.9044e+00
-4.0000e+01 6.0000e+01 -6.6562e+00
-4.0000e+01 7.0000e+01 -5.4326e+00
-4.0000e+01 8.0000e+01 -4.2976e+00
-4.0000e+01 9.0000e+01 -3.2951e+00
-4.0000e+01 1.0000e+02 -2.4487e+00
-4.0000e+01 1.1000e+02 -1.7637e+00
-4.0000e+01 1.2000e+02 -1.2313e+00
-4.0000e+01 1.3000e+02 -8.3312e-01
-4.0000e+01 1.4000e+02 -5.4637e-01
-4.0000e+01 1.5000e+02 -3.4730e-01
-4.0000e+01 1.6000e+02 -2.1396e-01
-4.0000e+01 1.7000e+02 -1.2776e-01
-4.0000e+01 1.8000e+02 -7.3944e-02
-4.0000e+01 1.9000e+02 -4.1479e-02
-4.0000e+01 2.0000e+02 -2.2552e-02
-3.0000e+01 -2.0000e+02 -2.5158e-02
-3.0000e+01 -1.9000e+02 -4.6273e-02
-3.0000e+01 -1.8000e+02 -8.2490e-02
-3.0000e+01 -1.7000e+02 -1.4253e-01
-3.0000e+01 -1.6000e+02 -2.3869e-01
-3.0000e+01 -1.5000e+02 -3.8744e-01
-3.0000e+01 -1.4000e+02 -6.0953e-01
-3.0000e+01 -1.3000e+02 -9.2942e-01
-3.0000e+01 -1.2000e+02 -1.3736e+00
-3.0000e+01 -1.1000e+02 -1.9676e+00
-3.0000e+01 -1.0000e+02 -2.7317e+00
-3.0000e+01 -9.0000e+01 -3.6759e+00
-3.0000e+01 -8.0000e+01 -4.7943e+00
-3.0000e+01 -7.0000e+01 -6.0605e+00
-3.0000e+01 -6.0000e+01 -7.4255e+00
-3.0000e+01 -5.0000e+01 -8.8180e+00
-3.0000e+01 -4.0000e+01 -1.0150e+01
-3.0000e+01 -3.0000e+01 -1.1323e+01
-3.0000e+01 -2.0000e+01 -1.2243e+01
-3.0000e+01 -1.0000e+01 -1.2830e+01
-3.0000e+01 0.0000e+00 -1.3032e+01
-3.0000e+01 1.0000e+01 -1.2830e+01
-3.0000e+01 2.0000e+01 -1.2243e+01
-3.0000e+01 3.0000e+01 -1.1323e+01
-3.0000e+01 4.0000e+01 -1.0150e+01
-3.0000e+01 5.0000e+01 -8.8180e+00
-3.0000e+01 6.0000e+01 -7.4255e+00
-3.0000e+01 7.0000e+01 -6.0605e+00
-3.0000e+01 8.0000e+01 -4.7943e+00
-3.0000e+01 9.0000e+01 -3.6759e+00
-3.0000e+01 1.0000e+02 -2.7317e+00
-3.0000e+01 1.1000e+02 -1.9676e+00
-3.0000e+01 1.2000e+02 -1.3736e+00
-3.0000e+01 1.3000e+02 -9.2942e-01
-3.0000e+01 1.4000e+02 -6.0953e-01
-3.0000e+01 1.5000e+02 -3.8744e-01
-3.0000e+01 1.6000e+02 -2.3869e-01
-3.0000e+01 1.7000e+02 -1.4253e-01
-3.0000e+01 1.8000e+02 -8.2490e-02
-3.0000e+01 1.9000e+02 -4.6273e-02
-3.0000e+01 2.0000e+02 -2.5158e-02
-2.0000e+01 -2.0000e+02 -2.7202e-02
-2.0000e+01 -1.9000e+02 -5.0033e-02
-2.0000e+01 -1.8000e+02 -8.9193e-02
-2.0000e+01 -1.7000e+02 -1.5411e-01
-2.0000e+01 -1.6000e+02 -2.5809e-01
-2.0000e+01 -1.5000e+02 -4.1892e-01
-2.0000e+01 -1.4000e+02 -6.5905e-01
-2.0000e+01 -1.3000e+02 -1.0049e+00
-2.0000e+01 -1.2000e+02 -1.4852e+00
-2.0000e+01 -1.1000e+02 -2.1275e+00
-2.0000e+01 -1.0000e+02 -2.9537e+00
-2.0000e+01 -9.0000e+01 -3.9746e+00
-2.0000e+01 -8.0000e+01 -5.1839e+00
-2.0000e+01 -7.0000e+01 -6.5530e+00
-2.0000e+01 -6.0000e+01 -8.0289e+00
-2.0000e+01 -5.0000e+01 -9.5346e+00
-2.0000e+01 -4.0000e+01 -1.0974e+01
-2.0000e+01 -3.0000e+01 -1.2243e+01
-2.0000e+01 -2.0000e+01 -1.3237e+01
-2.0000e+01 -1.0000e+01 -1.3873e+01
-2.0000e+01 0.0000e+00 -1.4091e+01
-2.0000e+01 1.0000e+01 -1.3873e+01
-2.0000e+01 2.0000e+01 -1.3237e+01
-2.0000e+01 3.0000e+01 -1.2243e+01
-2.0000e+01 4.0000e+01 -1.0974e+01
-2.0000e+01 5.0000e+01 -9.5346e+00
-2.0000e+01 6.0000e+01 -8.0289e+00
-2.0000e+01 7.0000e+01 -6.5530e+00
-2.0000e+01 8.0000e+01 -5.1839e+00
-2.0000e+01 9.0000e+01 -3.9746e+00
-2.0000e+01 1.0000e+02 -2.9537e+00
-2.0000e+01 1.1000e+02 -2.1275e+00
-2.0000e+01 1.2000e+02 -1.4852e+00
-2.0000e+01 1.3000e+02 -1.0049e+00
-2.0000e+01 1.4000e+02 -6.5905e-01
-2.0000e+01 1.5000e+02 -4.1892e-01
-2.0000e+01 1.6000e+02 -2.5809e-01
-2.0000e+01 1.7000e+02 -1.5411e-01
-2.0000e+01 1.8000e+02 -8.9193e-02
-2.0000e+01 1.9000e+02 -5.0033e-02
-2.0000e+01 2.0000e+02 -2.7202e-02
-1.0000e+01 -2.0000e+02 -2.8508e-02
-1.0000e+01 -1.9000e+02 -5.2434e-02
-1.0000e+01 -1.8000e+02 -9.3474e-02
-1.0000e+01 -1.7000e+02 -1.6151e-01
-1.0000e+01 -1.6000e+02 -2.7048e-01
-1.0000e+01 -1.5000e+02 -4.3902e-01
-1.0000e+01 -1.4000e+02 -6.9068e-01
-1.0000e+01 -1.3000e+02 -1.0532e+00
-1.0000e+01 -1.2000e+02 -1.5565e+00
-1.0000e+01 -1.1000e+02 -2.2296e+00
-1.0000e+01 -1.0000e+02 -3.0954e+00
-1.0000e+01 -9.0000e+01 -4.1653e+00
-1.0000e+01 -8.0000e+01 -5.4326e+00
-1.0000e+01 -7.0000e+01 -6.8675e+00
-1.0000e+01 -6.0000e+01 -8.4142e+00
-1.0000e+01 -5.0000e+01 -9.9922e+00
-1.0000e+01 -4.0000e+01 -1.1501e+01
-1.0000e+01 -3.0000e+01 -1.2830e+01
-1.0000e+01 -2.0000e+01 -1.3873e+01
-1.0000e+01 -1.0000e+01 -1.4538e+01
-1.0000e+01 0.0000e+00 -1.4767e+01
-1.0000e+01 1.0000e+01 -1.4538e+01
-1.0000e+01 2.0000e+01 -1.3873e+01
-1.0000e+01 3.0000e+01 -1.2830e+01
-1.0000e+01 4.0000e+01 -1.1501e+01
-1.0000e+01 5.0000e+01 -9.9922e+00
-1.0000e+01 6.0000e+01 -8.4142e+00
-1.0000e+01 7.0000e+01 -6.8675e+00
-1.0000e+01 8.0000e+01 -5.4326e+00
-1.0000e+01 9.0000e+01 -4.1653e+00
-1.0000e+01 1.0000e+02 -3.0954e+00
-1.0000e+01 1.1000e+02 -2.2296e+00
-1.0000e+01 1.2000e+02 -1.5565e+00
-1.0000e+01 1.3000e+02 -1.0532e+00
-1.0000e+01 1.4000e+02 -6.9068e-01
-1.0000e+01 1.5000e+02 -4.3902e-01
-1.0000e+01 1.6000e+02 -2.7048e-01
-1.0000e+01 1.7000e+02 -1.6151e-01
-1.0000e+01 1.8000e+02 -9.3474e-02
-1.0000e+01 1.9000e+02 -5.2434e-02
-1.0000e+01 2.0000e+02 -2.8508e-02
0.0000e+00 -2.0000e+02 -2.8957e-02
0.0000e+00 -1.9000e+02 -5.3260e-02
0.0000e+00 -1.8000e+02 -9.4946e-02
0.0000e+00 -1.7000e+02 -1.6405e-01
0.0000e+00 -1.6000e+02 -2.7473e-01
0.0000e+00 -1.5000e+02 -4.4594e-01
0.0000e+00 -1.4000e+02 -7.0156e-01
0.0000e+00 -1.3000e+02 -1.0698e+00
0.0000e+00 -1.2000e+02 -1.5810e+00
0.0000e+00 -1.1000e+02 -2.2647e+00
0.0000e+00 -1.0000e+02 -3.1442e+00
0.0000e+00 -9.0000e+01 -4.2309e+00
0.0000e+00 -8.0000e+01 -5.5182e+00
0.0000e+00 -7.0000e+01 -6.9756e+00
0.0000e+00 -6.0000e+01 -8.5467e+00
0.0000e+00 -5.0000e+01 -1.0150e+01
0.0000e+00 -4.0000e+01 -1.1682e+01
0.0000e+00 -3.0000e+01 -1.3032e+01
0.0000e+00 -2.0000e+01 -1.4091e+01
0.0000e+00 -1.0000e+01 -1.4767e+01
0.0000e+00 0.0000e+00 -1.5000e+01
0.0000e+00 1.0000e+01 -1.4767e+01
0.0000e+00 2.0000e+01 -1.4091e+01
0.0000e+00 3.0000e+01 -1.3032e+01
0.0000e+00 4.0000e+01 -1.1682e+01
0.0000e+00 5.0000e+01 -1.0150e+01
0.0000e+00 6.0000e+01 -8.5467e+00
0.0000e+00 7.0000e+01 -6.9756e+00
0.0000e+00 8.0000e+01 -5.5182e+00
0.0000e+00 9.0000e+01 -4.2309e+00
0.0000e+00 1.0000e+02 -3.1442e+00
0.0000e+00 1.1000e+02 -2.2647e+00
0.0000e+00 1.2000e+02 -1.5810e+00
0.0000e+00 1.3000e+02 -1.0698e+00
0.0000e+00 1.4000e+02 -7.0156e-01
0.0000e+00 1.5000e+02 -4.4594e-01
0.0000e+00 1.6000e+02 -2.7473e-01
0.0000e+00 1.7000e+02 -1.6405e-01
0.0000e+00 1.8000e+02 -9.4946e-02
0.0000e+00 1.9000e+02 -5.3260e-02
0.0000e+00 2.0000e+02 -2.8957e-02
1.0000e+01 -2.0000e+02 -2.8508e-02
1.0000e+01 -1.9000e+02 -5.2434e-02
1.0000e+01 -1.8000e+02 -9.3474e-02
1.0000e+01 -1.7000e+02 -1.6151e-01
1.0000e+01 -1.6000e+02 -2.7048e-01
1.0000e+01 -1.5000e+02 -4.3902e-01
1.0000e+01 -1.4000e+02 -6.9068e-01
1.0000e+01 -1.3000e+02 -1.0532e+00
1.0000e+01 -1.2000e+02 -1.5565e+00
1.0000e+01 -1.1000e+02 -2.2296e+00
1.0000e+01 -1.0000e+02 -3.0954e+00
1.0000e+01 -9.0000e+01 -4.1653e+00
1.0000e+01 -8.0000e+01 -5.4326e+00
1.0000e+01 -7.0000e+01 -6.8675e+00
1.0000e+01 -6.0000e+01 -8.4142e+00
1.0000e+01 -5.0000e+01 -9.9922e+00
1.0000e+01 -4.0000e+01 -1.1501e+01
1.0000e+01 -3.0000e+01 -1.2830e+01
1.0000e+01 -2.0000e+01 -1.3873e+01
1.0000e+01 -1.0000e+01 -1.4538e+01
1.0000e+01 0.0000e+00 -1.4767e+01
1.0000e+01 1.0000e+01 -1.4538e+01
1.0000e+01 2.0000e+01 -1.3873e+01
1.0000e+01 3.0000e+01 -1.2830e+01
1.0000e+01 4.0000e+01 -1.1501e+01
1.0000e+01 5.0000e+01 -9.9922e+00
1.0000e+01 6.0000e+01 -8.4142e+00
1.0000e+01 7.0000e+01 -6.8675e+00
1.0000e+01 8.0000e+01 -5.4326e+00
1.0000e+01 9.0000e+01 -4.1653e+00
1.0000e+01 1.0000e+02 -3.0954e+00
1.0000e+01 1.1000e+02 -2.2296e+00
1.0000e+01 1.2000e+02 -1.5565e+00
1.0000e+01 1.3000e+02 -1.0532e+00
1.0000e+01 1.4000e+02 -6.9068e-01
1.0000e+01 1.5000e+02 -4.3902e-01
1.0000e+01 1.6000e+02 -2.7048e-01
1.0000e+01 1.7000e+02 -1.6151e-01
1.0000e+01 1.8000e+02 -9.3474e-02
1.0000e+01 1.9000e+02 -5.2434e-02
1.0000e+01 2.0000e+02 -2.8508e-02
2.0000e+01 -2.0000e+02 -2.7202e-02
2.0000e+01 -1.9000e+02 -5.0033e-02
2.0000e+01 -1.8000e+02 -8.9193e-02
2.0000e+01 -1.7000e+02 -1.5411e-01
2.0000e+01 -1.6000e+02 -2.5809e-01
2.0000e+01 -1.5000e+02 -4.1892e-01
2.0000e+01 -1.4000e+02 -6.5905e-01
2.0000e+01 -1.3000e+02 -1.0049e+00
2.0000e+01 -1.2000e+02 -1.4852e+00
2.0000e+01 -1.1000e+02 -2.1275e+00
2.0000e+01 -1.0000e+02 -2.9537e+00
2.0000e+01 -9.0000e+01 -3.9746e+00
2.0000e+01 -8.0000e+01 -5.1839e+00
2.0000e+01 -7.0000e+01 -6.5530e+00
2.0000e+01 -6.0000e+01 -8.0289e+00
2.0000e+01 -5.0000e+01 -9.5346e+00
2.0000e+01 -4.0000e+01 -1.0974e+01
2.0000e+01 -3.0000e+01 -1.2243e+01
2.0000e+01 -2.0000e+01 -1.3237e+01
2.0000e+01 -1.0000e+01 -1.3873e+01
2.0000e+01 0.0000e+00 -1.4091e+01
2.0000e+01 1.0000e+01 -1.3873e+01
2.0000e+01 2.0000e+01 -1.3237e+01
2.0000e+01 3.0000e+01 -1.2243e+01
2.0000e+01 4.0000e+01 -1.0974e+01
2.0000e+01 5.0000e+01 -9.5346e+00
2.0000e+01 6.0000e+01 -8.0289e+00
2.0000e+01 7.0000e+01 -6.5530e+00
2.0000e+01 8.0000e+01 -5.1839e+00
2.0000e+01 9.0000e+01 -3.9746e+00
2.0000e+01 1.0000e+02 -2.9537e+00
2.0000e+01 1.1000e+02 -2.1275e+00
2.0000e+01 1.2000e+02 -1.4852e+00
2.0000e+01 1.3000e+02 -1.0049e+00
2.0000e+01 1.4000e+02 -6.5905e-01
2.0000e+01 1.5000e+02 -4.1892e-01
2.0000e+01 1.6000e+02 -2.5809e-01
2.0000e+01 1.7000e+02 -1.5411e-01
2.0000e+01 1.8000e+02 -8.9193e-02
2.0000e+01 1.9000e+02 -5.0033e-02
2.0000e+01 2.0000e+02 -2.7202e-02
3.0000e+01 -2.0000e+02 -2.5158e-02
3.0000e+01 -1.9000e+02 -4.6273e-02
3.0000e+01 -1.8000e+02 -8.2490e-02
3.0000e+01 -1.7000e+02 -1.4253e-01
3.0000e+01 -1.6000e+02 -2.3869e-01
3.0000e+01 -1.5000e+02 -3.8744e-01
3.0000e+01 -1.4000e+02 -6.0953e-01
3.0000e+01 -1.3000e+02 -9.2942e-01
3.0000e+01 -1.2000e+02 -1.3736e+00
3.0000e+01 -1.1000e+02 -1.9676e+00
3.0000e+01 -1.0000e+02 -2.7317e+00
3.0000e+01 -9.0000e+01 -3.6759e+00
3.0000e+01 -8.0000e+01 -4.7943e+00
3.0000e+01 -7.0000e+01 -6.0605e+00
3.0000e+01 -6.0000e+01 -7.4255e+00
3.0000e+01 -5.0000e+01 -8.8180e+00
3.0000e+01 -4.0000e+01 -1.0150e+01
3.0000e+01 -3.0000e+01 -1.1323e+01
3.0000e+01 -2.0000e+01 -1.2243e+01
3.0000e+01 -1.0000e+01 -1.2830e+01
3.0000e+01 0.0000e+00 -1.3032e+01
3.0000e+01 1.0000e+01 -1.2830e+01
3.0000e+01 2.0000e+01 -1.2243e+01
3.0000e+01 3.0000e+01 -1.1323e+01
3.0000e+01 4.0000e+01 -1.0150e+01
3.0000e+01 5.0000e+01 -8.8180e+00
3.0000e+01 6.0000e+01 -7.4255e+00
3.0000e+01 7.0000e+01 -6.0605e+00
3.0000e+01 8.0000e+01 -4.7943e+00
3.0000e+01 9.0000e+01 -3.6759e+00
3.0000e+01 1.0000e+02 -2.7317e+00
3.0000e+01 1.1000e+02 -1.9676e+00
3.0000e+01 1.2000e+02 -1.3736e+00
3.0000e+01 1.3000e+02 -9.2942e-01
3.0000e+01 1.4000e+02 -6.0953e-01
3.0000e+01 1.5000e+02 -3.8744e-01
3.0000e+01 1.6000e+02 -2.3869e-01
3.0000e+01 1.7000e+02 -1.4253e-01
3.0000e+01 1.8000e+02 -8.2490e-02
3.0000e+01 1.9000e+02 -4.6273e-02
3.0000e+01 2.0000e+02 -2.5158e-02
4.0000e+01 -2.0000e+02 -2.2552e-02
4.0000e+01 -1.9000e+02 -4.1479e-02
4.0000e+01 -1.8000e+02 -7.3944e-02
4.0000e+01 -1.7000e+02 -1.2776e-01
4.0000e+01 -1.6000e+02 -2.1396e-01
4.0000e+01 -1.5000e+02 -3.4730e-01
4.0000e+01 -1.4000e+02 -5.4637e-01
4.0000e+01 -1.3000e+02 -8.3312e-01
4.0000e+01 -1.2000e+02 -1.2313e+00
4.0000e+01 -1.1000e+02 -1.7637e+00
4.0000e+01 -1.0000e+02 -2.4487e+00
4.0000e+01 -9.0000e+01 -3.2951e+00
4.0000e+01 -8.0000e+01 -4.2976e+00
4.0000e+01 -7.0000e+01 -5.4326e+00
4.0000e+01 -6.0000e+01 -6.6562e+00
4.0000e+01 -5.0000e+01 -7.9044e+00
4.0000e+01 -4.0000e+01 -9.0980e+00
4.0000e+01 -3.0000e+01 -1.0150e+01
4.0000e+01 -2.0000e+01 -1.0974e+01
4.0000e+01 -1.0000e+01 -1.1501e+01
4.0000e+01 0.0000e+00 -1.1682e+01
4.0000e+01 1.0000e+01 -1.1501e+01
4.0000e+01 2.0000e+01 -1.0974e+01
4.0000e+01 3.0000e+01 -1.0150e+01
4.0000e+01 4.0000e+01 -9.0980e+00
4.0000e+01 5.0000e+01 -7.9044e+00
4.0000e+01 6.0000e+01 -6.6562e+00
4.0000e+01 7.0000e+01 -5.4326e+00
4.0000e+01 8.0000e+01 -4.2976e+00
4.0000e+01 9.0000e+01 -3.2951e+00
4.0000e+01 1.0000e+02 -2.4487e+00
4.0000e+01 1.1000e+02 -1.7637e+00
4.0000e+01 1.2000e+02 -1.2313e+00
4.0000e+01 1.3000e+02 -8.3312e-01
4.0000e+01 1.4000e+02 -5.4637e-01
4.0000e+01 1.5000e+02 -3.4730e-01
4.0000e+01 1.6000e+02 -2.1396e-01
4.0000e+01 1.7000e+02 -1.2776e-01
4.0000e+01 1.8000e+02 -7.3944e-02
4.0000e+01 1.9000e+02 -4.1479e-02
4.0000e+01 2.0000e+02 -2.2552e-02
5.0000e+01 -2.0000e+02 -1.9593e-02
5.0000e+01 -1.9000e+02 -3.6037e-02
5.0000e+01 -1.8000e+02 -6.4243e-02
5.0000e+01 -1.7000e+02 -1.1100e-01
5.0000e+01 -1.6000e+02 -1.8589e-01
5.0000e+01 -1.5000e+02 -3.0174e-01
5.0000e+01 -1.4000e+02 -4.7470e-01
5.0000e+01 -1.3000e+02 -7.2383e-01
5.0000e+01 -1.2000e+02 -1.0698e+00
5.0000e+01 -1.1000e+02 -1.5323e+00
5.0000e+01 -1.0000e+02 -2.1275e+00
5.0000e+01 -9.0000e+01 -2.8628e+00
5.0000e+01 -8.0000e+01 -3.7338e+00
5.0000e+01 -7.0000e+01 -4.7200e+00
5.0000e+01 -6.0000e+01 -5.7830e+00
5.0000e+01 -5.0000e+01 -6.8675e+00
5.0000e+01 -4.0000e+01 -7.9044e+00
5.0000e+01 -3.0000e+01 -8.8180e+00
5.0000e+01 -2.0000e+01 -9.5346e+00
5.0000e+01 -1.0000e+01 -9.9922e+00
5.0000e+01 0.0000e+00 -1.0150e+01
5.0000e+01 1.0000e+01 -9.9922e+00
5.0000e+01 2.0000e+01 -9.5346e+00
5.0000e+01 3.0000e+01 -8.8180e+00
5.0000e+01 4.0000e+01 -7.9044e+00
5.0000e+01 5.0000e+01 -6.8675e+00
5.0000e+01 6.0000e+01 -5.7830e+00
5.0000e+01 7.0000e+01 -4.7200e+00
5.0000e+01 8.0000e+01 -3.7338e+00
5.0000e+01 9.0000e+01 -2.8628e+00
5.0000e+01 1.0000e+02 -2.1275e+00
5.0000e+01 1.1000e+02 -1.5323e+00
5.0000e+01 1.2000e+02 -1.0698e+00
5.0000e+01 1.3000e+02 -7.2383e-01
5.0000e+01 1.4000e+02 -4.7470e-01
5.0000e+01 1.5000e+02 -3.0174e-01
5.0000e+01 1.6000e+02 -1.8589e-01
5.0000e+01 1.7000e+02 -1.1100e-01
5.0000e+01 1.8000e+02 -6.4243e-02
5.0000e+01 1.9000e+02 -3.6037e-02
5.0000e+01 2.0000e+02 -1.9593e-02
6.0000e+01 -2.0000e+02 -1.6499e-02
6.0000e+01 -1.9000e+02 -3.0346e-02
6.0000e+01 -1.8000e+02 -5.4098e-02
6.0000e+01 -1.7000e+02 -9.3474e-02
6.0000e+01 -1.6000e+02 -1.5654e-01
6.0000e+01 -1.5000e+02 -2.5409e-01
6.0000e+01 -1.4000e+02 -3.9974e-01
6.0000e+01 -1.3000e+02 -6.0953e-01
6.0000e+01 -1.2000e+02 -9.0082e-01
6.0000e+01 -1.1000e+02 -1.2904e+00
6.0000e+01 -1.0000e+02 -1.7915e+00
6.0000e+01 -9.0000e+01 -2.4107e+00
6.0000e+01 -8.0000e+01 -3.1442e+00
6.0000e+01 -7.0000e+01 -3.9746e+00
6.0000e+01 -6.0000e+01 -4.8698e+00
6.0000e+01 -5.0000e+01 -5.7830e+00
6.0000e+01 -4.0000e+01 -6.6562e+00
6.0000e+01 -3.0000e+01 -7.4255e+00
6.0000e+01 -2.0000e+01 -8.0289e+00
6.0000e+01 -1.0000e+01 -8.4142e+00
6.0000e+01 0.0000e+00 -8.5467e+00
6.0000e+01 1.0000e+01 -8.4142e+00
6.0000e+01 2.0000e+01 -8.0289e+00
6.0000e+01 3.0000e+01 -7.4255e+00
6.0000e+01 4.0000e+01 -6.6562e+00
6.0000e+01 5.0000e+01 -5.7830e+00
6.0000e+01 6.0000e+01 -4.8698e+00
6.0000e+01 7.0000e+01 -3.9746e+00
6.0000e+01 8.0000e+01 -3.1442e+00
6.0000e+01 9.0000e+01 -2.4107e+00
6.0000e+01 1.0000e+02 -1.7915e+00
6.0000e+01 1.1000e+02 -1.2904e+00
6.0000e+01 1.2000e+02 -9.0082e-01
6.0000e+01 1.3000e+02 -6.0953e-01
6.0000e+01 1.4000e+02 -3.9974e-01
6.0000e+01 1.5000e+02 -2.5409e-01
6.0000e+01 1.6000e+02 -1.5654e-01
6.0000e+01 1.7000e+02 -9.3474e-02
6.0000e+01 1.8000e+02 -5.4098e-02
6.0000e+01 1.9000e+02 -3.0346e-02
6.0000e+01 2.0000e+02 -1.6499e-02
7.0000e+01 -2.0000e+02 -1.3466e-02
7.0000e+01 -1.9000e+02 -2.4768e-02
7.0000e+01 -1.8000e+02 -4.4154e-02
7.0000e+01 -1.7000e+02 -7.6291e-02
7.0000e+01 -1.6000e+02 -1.2776e-01
7.0000e+01 -1.5000e+02 -2.0738e-01
7.0000e+01 -1.4000e+02 -3.2626e-01
7.0000e+01 -1.3000e+02 -4.9748e-01
7.0000e+01 -1.2000e+02 -7.3523e-01
7.0000e+01 -1.1000e+02 -1.0532e+00
7.0000e+01 -1.0000e+02 -1.4622e+00
7.0000e+01 -9.0000e+01 -1.9676e+00
7.0000e+01 -8.0000e+01 -2.5662e+00
7.0000e+01 -7.0000e+01 -3.2440e+00
7.0000e+01 -6.0000e+01 -3.9746e+00
7.0000e+01 -5.0000e+01 -4.7200e+00
7.0000e+01 -4.0000e+01 -5.4326e+00
7.0000e+01 -3.0000e+01 -6.0605e+00
7.0000e+01 -2.0000e+01 -6.5530e+00
7.0000e+01 -1.0000e+01 -6.8675e+00
7.0000e+01 0.0000e+00 -6.9756e+00
7.0000e+01 1.0000e+01 -6.8675e+00
7.0000e+01 2.0000e+01 -6.5530e+00
7.0000e+01 3.0000e+01 -6.0605e+00
7.0000e+01 4.0000e+01 -5.4326e+00
7.0000e+01 5.0000e+01 -4.7200e+00
7.0000e+01 6.0000e+01 -3.9746e+00
7.0000e+01 7.0000e+01 -3.2440e+00
7.0000e+01 8.0000e+01 -2.5662e+00
7.0000e+01 9.0000e+01 -1.9676e+00
7.0000e+01 1.0000e+02 -1.4622e+00
7.0000e+01 1.1000e+02 -1.0532e+00
7.0000e+01 1.2000e+02 -7.3523e-01
7.0000e+01 1.3000e+02 -4.9748e-01
7.0000e+01 1.4000e+02 -3.2626e-01
7.0000e+01 1.5000e+02 -2.0738e-01
7.0000e+01 1.6000e+02 -1.2776e-01
7.0000e+01 1.7000e+02 -7.6291e-02
7.0000e+01 1.8000e+02 -4.4154e-02
7.0000e+01 1.9000e+02 -2.4768e-02
7.0000e+01 2.0000e+02 -1.3466e-02
8.0000e+01 -2.0000e+02 -1.0653e-02
8.0000e+01 -1.9000e+02 -1.9593e-02
8.0000e+01 -1.8000e+02 -3.4929e-02
8.0000e+01 -1.7000e+02 -6.0351e-02
8.0000e+01 -1.6000e+02 -1.0107e-01
8.0000e+01 -1.5000e+02 -1.6405e-01
8.0000e+01 -1.4000e+02 -2.5809e-01
8.0000e+01 -1.3000e+02 -3.9354e-01
8.0000e+01 -1.2000e+02 -5.8161e-01
8.0000e+01 -1.1000e+02 -8.3312e-01
8.0000e+01 -1.0000e+02 -1.1567e+00
8.0000e+01 -9.0000e+01 -1.5565e+00
8.0000e+01 -8.0000e+01 -2.0300e+00
8.0000e+01 -7.0000e+01 -2.5662e+00
8.0000e+01 -6.0000e+01 -3.1442e+00
8.0000e+01 -5.0000e+01 -3.7338e+00
8.0000e+01 -4.0000e+01 -4.2976e+00
8.0000e+01 -3.0000e+01 -4.7943e+00
8.0000e+01 -2.0000e+01 -5.1839e+00
8.0000e+01 -1.0000e+01 -5.4326e+00
8.0000e+01 0.0000e+00 -5.5182e+00
8.0000e+01 1.0000e+01 -5.4326e+00
8.0000e+01 2.0000e+01 -5.1839e+00
8.0000e+01 3.0000e+01 -4.7943e+00
8.0000e+01 4.0000e+01 -4.2976e+00
8.0000e+01 5.0000e+01 -3.7338e+00
8.0000e+01 6.0000e+01 -3.1442e+00
8.0000e+01 7.0000e+01 -2.5662e+00
8.0000e+01 8.0000e+01 -2.0300e+00
8.0000e+01 9.0000e+01 -1.5565e+00
8.0000e+01 1.0000e+02 -1.1567e+00
8.0000e+01 1.1000e+02 -8.3312e-01
8.0000e+01 1.2000e+02 -5.8161e-01
8.0000e+01 1.3000e+02 -3.9354e-01
8.0000e+01 1.4000e+02 -2.5809e-01
8.0000e+01 1.5000e+02 -1.6405e-01
8.0000e+01 1.6000e+02 -1.0107e-01
8.0000e+01 1.7000e+02 -6.0351e-02
8.0000e+01 1.8000e+02 -3.4929e-02
8.0000e+01 1.9000e+02 -1.9593e-02
8.0000e+01 2.0000e+02 -1.0653e-02
9.0000e+01 -2.0000e+02 -8.1676e-03
9.0000e+01 -1.9000e+02 -1.5023e-02
9.0000e+01 -1.8000e+02 -2.6781e-02
9.0000e+01 -1.7000e+02 -4.6273e-02
9.0000e+01 -1.6000e+02 -7.7492e-02
9.0000e+01 -1.5000e+02 -1.2578e-01
9.0000e+01 -1.4000e+02 -1.9788e-01
9.0000e+01 -1.3000e+02 -3.0174e-01
9.0000e+01 -1.2000e+02 -4.4594e-01
9.0000e+01 -1.1000e+02 -6.3878e-01
9.0000e+01 -1.0000e+02 -8.8685e-01
9.0000e+01 -9.0000e+01 -1.1934e+00
9.0000e+01 -8.0000e+01 -1.5565e+00
9.0000e+01 -7.0000e+01 -1.9676e+00
9.0000e+01 -6.0000e+01 -2.4107e+00
9.0000e+01 -5.0000e+01 -2.8628e+00
9.0000e+01 -4.0000e+01 -3.2951e+00
9.0000e+01 -3.0000e+01 -3.6759e+00
9.0000e+01 -2.0000e+01 -3.9746e+00
9.0000e+01 -1.0000e+01 -4.1653e+00
9.0000e+01 0.0000e+00 -4.2309e+00
9.0000e+01 1.0000e+01 -4.1653e+00
9.0000e+01 2.0000e+01 -3.9746e+00
9.0000e+01 3.0000e+01 -3.6759e+00
9.0000e+01 4.0000e+01 -3.2951e+00
9.0000e+01 5.0000e+01 -2.8628e+00
9.0000e+01 6.0000e+01 -2.4107e+00
9.0000e+01 7.0000e+01 -1.9676e+00
9.0000e+01 8.0000e+01 -1.5565e+00
9.0000e+01 9.0000e+01 -1.1934e+00
9.0000e+01 1.0000e+02 -8.8685e-01
9.0000e+01 1.1000e+02 -6.3878e-01
9.0000e+01 1.2000e+02 -4.4594e-01
9.0000e+01 1.3000e+02 -3.0174e-01
9.0000e+01 1.4000e+02 -1.9788e-01
9.0000e+01 1.5000e+02 -1.2578e-01
9.0000e+01 1.6000e+02 -7.7492e-02
9.0000e+01 1.7000e+02 -4.6273e-02
9.0000e+01 1.8000e+02 -2.6781e-02
9.0000e+01 1.9000e+02 -1.5023e-02
9.0000e+01 2.0000e+02 -8.1676e-03
1.0000e+02 -2.0000e+02 -6.0697e-03
1.0000e+02 -1.9000e+02 -1.1164e-02
1.0000e+02 -1.8000e+02 -1.9902e-02
1.0000e+02 -1.7000e+02 -3.4387e-02
1.0000e+02 -1.6000e+02 -5.7587e-02
1.0000e+02 -1.5000e+02 -9.3474e-02
1.0000e+02 -1.4000e+02 -1.4705e-01
1.0000e+02 -1.3000e+02 -2.2423e-01
1.0000e+02 -1.2000e+02 -3.3139e-01
1.0000e+02 -1.1000e+02 -4.7470e-01
1.0000e+02 -1.0000e+02 -6.5905e-01
1.0000e+02 -9.0000e+01 -8.8685e-01
1.0000e+02 -8.0000e+01 -1.1567e+00
1.0000e+02 -7.0000e+01 -1.4622e+00
1.0000e+02 -6.0000e+01 -1.7915e+00
1.0000e+02 -5.0000e+01 -2.1275e+00
1.0000e+02 -4.0000e+01 -2.4487e+00
1.0000e+02 -3.0000e+01 -2.7317e+00
1.0000e+02 -2.0000e+01 -2.9537e+00
1.0000e+02 -1.0000e+01 -3.0954e+00
1.0000e+02 0.0000e+00 -3.1442e+00
1.0000e+02 1.0000e+01 -3.0954e+00
1.0000e+02 2.0000e+01 -2.9537e+00
1.0000e+02 3.0000e+01 -2.7317e+00
1.0000e+02 4.0000e+01 -2.4487e+00
1.0000e+02 5.0000e+01 -2.1275e+00
1.0000e+02 6.0000e+01 -1.7915e+00
1.0000e+02 7.0000e+01 -1.4622e+00
1.0000e+02 8.0000e+01 -1.1567e+00
1.0000e+02 9.0000e+01 -8.8685e-01
1.0000e+02 1.0000e+02 -6.5905e-01
1.0000e+02 1.1000e+02 -4.7470e-01
1.0000e+02 1.2000e+02 -3.3139e-01
1.0000e+02 1.3000e+02 -2.2423e-01
1.0000e+02 1.4000e+02 -1.4705e-01
1.0000e+02 1.5000e+02 -9.3474e-02
1.0000e+02 1.6000e+02 -5.7587e-02
1.0000e+02 1.7000e+02 -3.4387e-02
1.0000e+02 1.8000e+02 -1.9902e-02
1.0000e+02 1.9000e+02 -1.1164e-02
1.0000e+02 2.0000e+02 -6.0697e-03
1.1000e+02 -2.0000e+02 -4.3718e-03
1.1000e+02 -1.9000e+02 -8.0410e-03
1.1000e+02 -1.8000e+02 -1.4335e-02
1.1000e+02 -1.7000e+02 -2.4768e-02
1.1000e+02 -1.6000e+02 -4.1479e-02
1.1000e+02 -1.5000e+02 -6.7327e-02
1.1000e+02 -1.4000e+02 -1.0592e-01
1.1000e+02 -1.3000e+02 -1.6151e-01
1.1000e+02 -1.2000e+02 -2.3869e-01
1.1000e+02 -1.1000e+02 -3.4191e-01
1.1000e+02 -1.0000e+02 -4.7470e-01
1.1000e+02 -9.0000e+01 -6.3878e-01
1.1000e+02 -8.0000e+01 -8.3312e-01
1.1000e+02 -7.0000e+01 -1.0532e+00
1.1000e+02 -6.0000e+01 -1.2904e+00
1.1000e+02 -5.0000e+01 -1.5323e+00
1.1000e+02 -4.0000e+01 -1.7637e+00
1.1000e+02 -3.0000e+01 -1.9676e+00
1.1000e+02 -2.0000e+01 -2.1275e+00
1.1000e+02 -1.0000e+01 -2.2296e+00
1.1000e+02 0.0000e+00 -2.2647e+00
1.1000e+02 1.0000e+01 -2.2296e+00
1.1000e+02 2.0000e+01 -2.1275e+00
1.1000e+02 3.0000e+01 -1.9676e+00
1.1000e+02 4.0000e+01 -1.7637e+00
1.1000e+02 5.0000e+01 -1.5323e+00
1.1000e+02 6.0000e+01 -1.2904e+00
1.1000e+02 7.0000e+01 -1.0532e+00
1.1000e+02 8.0000e+01 -8.3312e-01
1.1000e+02 9.0000e+01 -6.3878e-01
1.1000e+02 1.0000e+02 -4.7470e-01
1.1000e+02 1.1000e+02 -3.4191e-01
1.1000e+02 1.2000e+02 -2.3869e-01
1.1000e+02 1.3000e+02 -1.6151e-01
1.1000e+02 1.4000e+02 -1.0592e-01
1.1000e+02 1.5000e+02 -6.7327e-02
1.1000e+02 1.6000e+02 -4.1479e-02
1.1000e+02 1.7000e+02 -2.4768e-02
1.1000e+02 1.8000e+02 -1.4335e-02
1.1000e+02 1.9000e+02 -8.0410e-03
1.1000e+02 2.0000e+02 -4.3718e-03
1.2000e+02 -2.0000e+02 -3.0520e-03
1.2000e+02 -1.9000e+02 -5.6135e-03
1.2000e+02 -1.8000e+02 -1.0007e-02
1.2000e+02 -1.7000e+02 -1.7291e-02
1.2000e+02 -1.6000e+02 -2.8957e-02
1.2000e+02 -1.5000e+02 -4.7002e-02
1.2000e+02 -1.4000e+02 -7.3944e-02
1.2000e+02 -1.3000e+02 -1.1275e-01
1.2000e+02 -1.2000e+02 -1.6663e-01
1.2000e+02 -1.1000e+02 -2.3869e-01
1.2000e+02 -1.0000e+02 -3.3139e-01
1.2000e+02 -9.0000e+01 -4.4594e-01
1.2000e+02 -8.0000e+01 -5.8161e-01
1.2000e+02 -7.0000e+01 -7.3523e-01
1.2000e+02 -6.0000e+01 -9.0082e-01
1.2000e+02 -5.0000e+01 -1.0698e+00
1.2000e+02 -4.0000e+01 -1.2313e+00
1.2000e+02 -3.0000e+01 -1.3736e+00
1.2000e+02 -2.0000e+01 -1.4852e+00
1.2000e+02 -1.0000e+01 -1.5565e+00
1.2000e+02 0.0000e+00 -1.5810e+00
1.2000e+02 1.0000e+01 -1.5565e+00
1.2000e+02 2.0000e+01 -1.4852e+00
1.2000e+02 3.0000e+01 -1.3736e+00
1.2000e+02 4.0000e+01 -1.2313e+00
1.2000e+02 5.0000e+01 -1.0698e+00
1.2000e+02 6.0000e+01 -9.0082e-01
1.2000e+02 7.0000e+01 -7.3523e-01
1.2000e+02 8.0000e+01 -5.8161e-01
1.2000e+02 9.0000e+01 -4.4594e-01
1.2000e+02 1.0000e+02 -3.3139e-01
1.2000e+02 1.1000e+02 -2.3869e-01
1.2000e+02 1.2000e+02 -1.6663e-01
1.2000e+02 1.3000e+02 -1.1275e-01
1.2000e+02 1.4000e+02 -7.3944e-02
1.2000e+02 1.5000e+02 -4.7002e-02
1.2000e+02 1.6000e+02 -2.8957e-02
1.2000e+02 1.7000e+02 -1.7291e-02
1.2000e+02 1.8000e+02 -1.0007e-02
1.2000e+02 1.9000e+02 -5.6135e-03
1.2000e+02 2.0000e+02 -3.0520e-03
1.3000e+02 -2.0000e+02 -2.0651e-03
1.3000e+02 -1.9000e+02 -3.7983e-03
1.3000e+02 -1.8000e+02 -6.7712e-03
1.3000e+02 -1.7000e+02 -1.1700e-02
1.3000e+02 -1.6000e+02 -1.9593e-02
1.3000e+02 -1.5000e+02 -3.1803e-02
1.3000e+02 -1.4000e+02 -5.0033e-02
1.3000e+02 -1.3000e+02 -7.6291e-02
1.3000e+02 -1.2000e+02 -1.1275e-01
1.3000e+02 -1.1000e+02 -1.6151e-01
1.3000e+02 -1.0000e+02 -2.2423e-01
1.3000e+02 -9.0000e+01 -3.0174e-01
1.3000e+02 -8.0000e+01 -3.9354e-01
1.3000e+02 -7.0000e+01 -4.9748e-01
1.3000e+02 -6.0000e+01 -6.0953e-01
1.3000e+02 -5.0000e+01 -7.2383e-01
1.3000e+02 -4.0000e+01 -8.3312e-01
1.3000e+02 -3.0000e+01 -9.2942e-01
1.3000e+02 -2.0000e+01 -1.0049e+00
1.3000e+02 -1.0000e+01 -1.0532e+00
1.3000e+02 0.0000e+00 -1.0698e+00
1.3000e+02 1.0000e+01 -1.0532e+00
1.3000e+02 2.0000e+01 -1.0049e+00
1.3000e+02 3.0000e+01 -9.2942e-01
1.3000e+02 4.0000e+01 -8.3312e-01
1.3000e+02 5.0000e+01 -7.2383e-01
1.3000e+02 6.0000e+01 -6.0953e-01
1.3000e+02 7.0000e+01 -4.9748e-01
1.3000e+02 8.0000e+01 -3.9354e-01
1.3000e+02 9.0000e+01 -3.0174e-01
1.3000e+02 1.0000e+02 -2.2423e-01
1.3000e+02 1.1000e+02 -1.6151e-01
1.3000e+02 1.2000e+02 -1.1275e-01
1.3000e+02 1.3000e+02 -7.6291e-02
1.3000e+02 1.4000e+02 -5.0033e-02
1.3000e+02 1.5000e+02 -3.1803e-02
1.3000e+02 1.6000e+02 -1.9593e-02
1.3000e+02 1.7000e+02 -1.1700e-02
1.3000e+02 1.8000e+02 -6.7712e-03
1.3000e+02 1.9000e+02 -3.7983e-03
1.3000e+02 2.0000e+02 -2.0651e-03
1.4000e+02 -2.0000e+02 -1.3543e-03
1.4000e+02 -1.9000e+02 -2.4910e-03
1.4000e+02 -1.8000e+02 -4.4407e-03
1.4000e+02 -1.7000e+02 -7.6728e-03
1.4000e+02 -1.6000e+02 -1.2850e-02
1.4000e+02 -1.5000e+02 -2.0857e-02
1.4000e+02 -1.4000e+02 -3.2812e-02
1.4000e+02 -1.3000e+02 -5.0033e-02
1.4000e+02 -1.2000e+02 -7.3944e-02
1.4000e+02 -1.1000e+02 -1.0592e-01
1.4000e+02 -1.0000e+02 -1.4705e-01
1.4000e+02 -9.0000e+01 -1.9788e-01
1.4000e+02 -8.0000e+01 -2.5809e-01
1.4000e+02 -7.0000e+01 -3.2626e-01
1.4000e+02 -6.0000e+01 -3.9974e-01
1.4000e+02 -5.0000e+01 -4.7470e-01
1.4000e+02 -4.0000e+01 -5.4637e-01
1.4000e+02 -3.0000e+01 -6.0953e-01
1.4000e+02 -2.0000e+01 -6.5905e-01
1.4000e+02 -1.0000e+01 -6.9068e-01
1.4000e+02 0.0000e+00 -7.0156e-01
1.4000e+02 1.0000e+01 -6.9068e-01
1.4000e+02 2.0000e+01 -6.5905e-01
1.4000e+02 3.0000e+01 -6.0953e-01
1.4000e+02 4.0000e+01 -5.4637e-01
1.4000e+02 5.0000e+01 -4.7470e-01
1.4000e+02 6.0000e+01 -3.9974e-01
1.4000e+02 7.0000e+01 -3.2626e-01
1.4000e+02 8.0000e+01 -2.5809e-01
1.4000e+02 9.0000e+01 -1.9788e-01
1.4000e+02 1.0000e+02 -1.4705e-01
1.4000e+02 1.1000e+02 -1.0592e-01
1.4000e+02 1.2000e+02 -7.3944e-02
1.4000e+02 1.3000e+02 -5.0033e-02
1.4000e+02 1.4000e+02 -3.2812e-02
1.4000e+02 1.5000e+02 -2.0857e-02
1.4000e+02 1.6000e+02 -1.2850e-02
1.4000e+02 1.7000e+02 -7.6728e-03
1.4000e+02 1.8000e+02 -4.4407e-03
1.4000e+02 1.9000e+02 -2.4910e-03
1.4000e+02 2.0000e+02 -1.3543e-03
1.5000e+02 -2.0000e+02 -8.6086e-04
1.5000e+02 -1.9000e+02 -1.5834e-03
1.5000e+02 -1.8000e+02 -2.8227e-03
1.5000e+02 -1.7000e+02 -4.8771e-03
1.5000e+02 -1.6000e+02 -8.1676e-03
1.5000e+02 -1.5000e+02 -1.3257e-02
1.5000e+02 -1.4000e+02 -2.0857e-02
1.5000e+02 -1.3000e+02 -3.1803e-02
1.5000e+02 -1.2000e+02 -4.7002e-02
1.5000e+02 -1.1000e+02 -6.7327e-02
1.5000e+02 -1.0000e+02 -9.3474e-02
1.5000e+02 -9.0000e+01 -1.2578e-01
1.5000e+02 -8.0000e+01 -1.6405e-01
1.5000e+02 -7.0000e+01 -2.0738e-01
1.5000e+02 -6.0000e+01 -2.5409e-01
1.5000e+02 -5.0000e+01 -3.0174e-01
1.5000e+02 -4.0000e+01 -3.4730e-01
1.5000e+02 -3.0000e+01 -3.8744e-01
1.5000e+02 -2.0000e+01 -4.1892e-01
1.5000e+02 -1.0000e+01 -4.3902e-01
1.5000e+02 0.0000e+00 -4.4594e-01
1.5000e+02 1.0000e+01 -4.3902e-01
1.5000e+02 2.0000e+01 -4.1892e-01
1.5000e+02 3.0000e+01 -3.8744e-01
1.5000e+02 4.0000e+01 -3.4730e-01
1.5000e+02 5.0000e+01 -3.0174e-01
1.5000e+02 6.0000e+01 -2.5409e-01
1.5000e+02 7.0000e+01 -2.0738e-01
1.5000e+02 8.0000e+01 -1.6405e-01
1.5000e+02 9.0000e+01 -1.2578e-01
1.5000e+02 1.0000e+02 -9.3474e-02
1.5000e+02 1.1000e+02 -6.7327e-02
1.5000e+02 1.2000e+02 -4.7002e-02
1.5000e+02 1.3000e+02 -3.1803e-02
1.5000e+02 1.4000e+02 -2.0857e-02
1.5000e+02 1.5000e+02 -1.3257e-02
1.5000e+02 1.6000e+02 -8.1676e-03
1.5000e+02 1.7000e+02 -4.8771e-03
1.5000e+02 1.8000e+02 -2.8227e-03
1.5000e+02 1.9000e+02 -1.5834e-03
1.5000e+02 2.0000e+02 -8.6086e-04
1.6000e+02 -2.0000e+02 -5.3036e-04
1.6000e+02 -1.9000e+02 -9.7549e-04
1.6000e+02 -1.8000e+02 -1.7390e-03
1.6000e+02 -1.7000e+02 -3.0047e-03
1.6000e+02 -1.6000e+02 -5.0319e-03
1.6000e+02 -1.5000e+02 -8.1676e-03
1.6000e+02 -1.4000e+02 -1.2850e-02
1.6000e+02 -1.3000e+02 -1.9593e-02
1.6000e+02 -1.2000e+02 -2.8957e-02
1.6000e+02 -1.1000e+02 -4.1479e-02
1.6000e+02 -1.0000e+02 -5.7587e-02
1.6000e+02 -9.0000e+01 -7.7492e-02
1.6000e+02 -8.0000e+01 -1.0107e-01
1.6000e+02 -7.0000e+01 -1.2776e-01
1.6000e+02 -6.0000e+01 -1.5654e-01
1.6000e+02 -5.0000e+01 -1.8589e-01
1.6000e+02 -4.0000e+01 -2.1396e-01
1.6000e+02 -3.0000e+01 -2.3869e-01
1.6000e+02 -2.0000e+01 -2.5809e-01
1.6000e+02 -1.0000e+01 -2.7048e-01
1.6000e+02 0.0000e+00 -2.7473e-01
1.6000e+02 1.0000e+01 -2.7048e-01
1.6000e+02 2.0000e+01 -2.5809e-01
1.6000e+02 3.0000e+01 -2.3869e-01
1.6000e+02 4.0000e+01 -2.1396e-01
1.6000e+02 5.0000e+01 -1.8589e-01
1.6000e+02 6.0000e+01 -1.5654e-01
1.6000e+02 7.0000e+01 -1.2776e-01
1.6000e+02 8.0000e+01 -1.0107e-01
1.6000e+02 9.0000e+01 -7.7492e-02
1.6000e+02 1.0000e+02 -5.7587e-02
1.6000e+02 1.1000e+02 -4.1479e-02
1.6000e+02 1.2000e+02 -2.8957e-02
1.6000e+02 1.3000e+02 -1.9593e-02
1.6000e+02 1.4000e+02 -1.2850e-02
1.6000e+02 1.5000e+02 -8.1676e-03
1.6000e+02 1.6000e+02 -5.0319e-03
1.6000e+02 1.7000e+02 -3.0047e-03
1.6000e+02 1.8000e+02 -1.7390e-03
1.6000e+02 1.9000e+02 -9.7549e-04
1.6000e+02 2.0000e+02 -5.3036e-04
1.7000e+02 -2.0000e+02 -3.1669e-04
1.7000e+02 -1.9000e+02 -5.8249e-04
1.7000e+02 -1.8000e+02 -1.0384e-03
1.7000e+02 -1.7000e+02 -1.7942e-03
1.7000e+02 -1.6000e+02 -3.0047e-03
1.7000e+02 -1.5000e+02 -4.8771e-03
1.7000e+02 -1.4000e+02 -7.6728e-03
1.7000e+02 -1.3000e+02 -1.1700e-02
1.7000e+02 -1.2000e+02 -1.7291e-02
1.7000e+02 -1.1000e+02 -2.4768e-02
1.7000e+02 -1.0000e+02 -3.4387e-02
1.7000e+02 -9.0000e+01 -4.6273e-02
1.7000e+02 -8.0000e+01 -6.0351e-02
1.7000e+02 -7.0000e+01 -7.6291e-02
1.7000e+02 -6.0000e+01 -9.3474e-02
1.7000e+02 -5.0000e+01 -1.1100e-01
1.7000e+02 -4.0000e+01 -1.2776e-01
1.7000e+02 -3.0000e+01 -1.4253e-01
1.7000e+02 -2.0000e+01 -1.5411e-01
1.7000e+02 -1.0000e+01 -1.6151e-01
1.7000e+02 0.0000e+00 -1.6405e-01
1.7000e+02 1.0000e+01 -1.6151e-01
1.7000e+02 2.0000e+01 -1.5411e-01
1.7000e+02 3.0000e+01 -1.4253e-01
1.7000e+02 4.0000e+01 -1.2776e-01
1.7000e+02 5.0000e+01 -1.1100e-01
1.7000e+02 6.0000e+01 -9.3474e-02
1.7000e+02 7.0000e+01 -7.6291e-02
1.7000e+02 8.0000e+01 -6.0351e-02
1.7000e+02 9.0000e+01 -4.6273e-02
1.7000e+02 1.0000e+02 -3.4387e-02
1.7000e+02 1.1000e+02 -2.4768e-02
1.7000e+02 1.2000e+02 -1.7291e-02
1.7000e+02 1.3000e+02 -1.1700e-02
1.7000e+02 1.4000e+02 -7.6728e-03
1.7000e+02 1.5000e+02 -4.8771e-03
1.7000e+02 1.6000e+02 -3.0047e-03
1.7000e+02 1.7000e+02 -1.7942e-03
1.7000e+02 1.8000e+02 -1.0384e-03
1.7000e+02 1.9000e+02 -5.8249e-04
1.7000e+02 2.0000e+02 -3.1669e-04
1.8000e+02 -2.0000e+02 -1.8329e-04
1.8000e+02 -1.9000e+02 -3.3712e-04
1.8000e+02 -1.8000e+02 -6.0098e-04
1.8000e+02 -1.7000e+02 -1.0384e-03
1.8000e+02 -1.6000e+02 -1.7390e-03
1.8000e+02 -1.5000e+02 -2.8227e-03
1.8000e+02 -1.4000e+02 -4.4407e-03
1.8000e+02 -1.3000e+02 -6.7712e-03
1.8000e+02 -1.2000e+02 -1.0007e-02
1.8000e+02 -1.1000e+02 -1.4335e-02
1.8000e+02 -1.0000e+02 -1.9902e-02
1.8000e+02 -9.0000e+01 -2.6781e-02
1.8000e+02 -8.0000e+01 -3.4929e-02
1.8000e+02 -7.0000e+01 -4.4154e-02
1.8000e+02 -6.0000e+01 -5.4098e-02
1.8000e+02 -5.0000e+01 -6.4243e-02
1.8000e+02 -4.0000e+01 -7.3944e-02
1.8000e+02 -3.0000e+01 -8.2490e-02
1.8000e+02 -2.0000e+01 -8.9193e-02
1.8000e+02 -1.0000e+01 -9.3474e-02
1.8000e+02 0.0000e+00 -9.4946e-02
1.8000e+02 1.0000e+01 -9.3474e-02
1.8000e+02 2.0000e+01 -8.9193e-02
1.8000e+02 3.0000e+01 -8.2490e-02
1.8000e+02 4.0000e+01 -7.3944e-02
1.8000e+02 5.0000e+01 -6.4243e-02
1.8000e+02 6.0000e+01 -5.4098e-02
1.8000e+02 7.0000e+01 -4.4154e-02
1.8000e+02 8.0000e+01 -3.4929e-02
1.8000e+02 9.0000e+01 -2.6781e-02
1.8000e+02 1.0000e+02 -1.9902e-02
1.8000e+02 1.1000e+02 -1.4335e-02
1.8000e+02 1.2000e+02 -1.0007e-02
1.8000e+02 1.3000e+02 -6.7712e-03
1.8000e+02 1.4000e+02 -4.4407e-03
1.8000e+02 1.5000e+02 -2.8227e-03
1.8000e+02 1.6000e+02 -1.7390e-03
1.8000e+02 1.7000e+02 -1.0384e-03
1.8000e+02 1.8000e+02 -6.0098e-04
1.8000e+02 1.9000e+02 -3.3712e-04
1.8000e+02 2.0000e+02 -1.8329e-04
1.9000e+02 -2.0000e+02 -1.0282e-04
1.9000e+02 -1.9000e+02 -1.8911e-04
1.9000e+02 -1.8000e+02 -3.3712e-04
1.9000e+02 -1.7000e+02 -5.8249e-04
1.9000e+02 -1.6000e+02 -9.7549e-04
1.9000e+02 -1.5000e+02 -1.5834e-03
1.9000e+02 -1.4000e+02 -2.4910e-03
1.9000e+02 -1.3000e+02 -3.7983e-03
1.9000e+02 -1.2000e+02 -5.6135e-03
1.9000e+02 -1.1000e+02 -8.0410e-03
1.9000e+02 -1.0000e+02 -1.1164e-02
1.9000e+02 -9.0000e+01 -1.5023e-02
1.9000e+02 -8.0000e+01 -1.9593e-02
1.9000e+02 -7.0000e+01 -2.4768e-02
1.9000e+02 -6.0000e+01 -3.0346e-02
1.9000e+02 -5.0000e+01 -3.6037e-02
1.9000e+02 -4.0000e+01 -4.1479e-02
1.9000e+02 -3.0000e+01 -4.6273e-02
1.9000e+02 -2.0000e+01 -5.0033e-02
1.9000e+02 -1.0000e+01 -5.2434e-02
1.9000e+02 0.0000e+00 -5.3260e-02
1.9000e+02 1.0000e+01 -5.2434e-02
1.9000e+02 2.0000e+01 -5.0033e-02
1.9000e+02 3.0000e+01 -4.6273e-02
1.9000e+02 4.0000e+01 -4.1479e-02
1.9000e+02 5.0000e+01 -3.6037e-02
1.9000e+02 6.0000e+01 -3.0346e-02
1.9000e+02 7.0000e+01 -2.4768e-02
1.9000e+02 8.0000e+01 -1.9593e-02
1.9000e+02 9.0000e+01 -1.5023e-02
1.9000e+02 1.0000e+02 -1.1164e-02
1.9000e+02 1.1000e+02 -8.0410e-03
1.9000e+02 1.2000e+02 -5.6135e-03
1.9000e+02 1.3000e+02 -3.7983e-03
1.9000e+02 1.4000e+02 -2.4910e-03
1.9000e+02 1.5000e+02 -1.5834e-03
1.9000e+02 1.6000e+02 -9.7549e-04
1.9000e+02 1.7000e+02 -5.8249e-04
1.9000e+02 1.8000e+02 -3.3712e-04
1.9000e+02 1.9000e+02 -1.8911e-04
1.9000e+02 2.0000e+02 -1.0282e-04
2.0000e+02 -2.0000e+02 -5.5900e-05
2.0000e+02 -1.9000e+02 -1.0282e-04
2.0000e+02 -1.8000e+02 -1.8329e-04
2.0000e+02 -1.7000e+02 -3.1669e-04
2.0000e+02 -1.6000e+02 -5.3036e-04
2.0000e+02 -1.5000e+02 -8.6086e-04
2.0000e+02 -1.4000e+02 -1.3543e-03
2.0000e+02 -1.3000e+02 -2.0651e-03
2.0000e+02 -1.2000e+02 -3.0520e-03
2.0000e+02 -1.1000e+02 -4.3718e-03
2.0000e+02 -1.0000e+02 -6.0697e-03
2.0000e+02 -9.0000e+01 -8.1676e-03
2.0000e+02 -8.0000e+01 -1.0653e-02
2.0000e+02 -7.0000e+01 -1.3466e-02
2.0000e+02 -6.0000e+01 -1.6499e-02
2.0000e+02 -5.0000e+01 -1.9593e-02
2.0000e+02 -4.0000e+01 -2.2552e-02
2.0000e+02 -3.0000e+01 -2.5158e-02
2.0000e+02 -2.0000e+01 -2.7202e-02
2.0000e+02 -1.0000e+01 -2.8508e-02
2.0000e+02 0.0000e+00 -2.8957e-02
2.0000e+02 1.0000e+01 -2.8508e-02
2.0000e+02 2.0000e+01 -2.7202e-02
2.0000e+02 3.0000e+01 -2.5158e-02
2.0000e+02 4.0000e+01 -2.2552e-02
2.0000e+02 5.0000e+01 -1.9593e-02
2.0000e+02 6.0000e+01 -1.6499e-02
2.0000e+02 7.0000e+01 -1.3466e-02
2.0000e+02 8.0000e+01 -1.0653e-02
2.0000e+02 9.0000e+01 -8.1676e-03
2.0000e+02 1.0000e+02 -6.0697e-03
2.0000e+02 1.1000e+02 -4.3718e-03
2.0000e+02 1.2000e+02 -3.0520e-03
2.0000e+02 1.3000e+02 -2.0651e-03
2.0000e+02 1.4000e+02 -1.3543e-03
2.0000e+02 1.5000e+02 -8.6086e-04
2.0000e+02 1.6000e+02 -5.3036e-04
2.0000e+02 1.7000e+02 -3.1669e-04
2.0000e+02 1.8000e+02 -1.8329e-04
2.0000e+02 1.9000e+02 -1.0282e-04
2.0000e+02 2.0000e+02 -5.5900e-05
